30,1,20,2.25
0.00010136483969727891,1.9794101355756886e-06,1.059154030247077e-06,-2.464125762137358e-06,-4.804988644759657e-07,-5.4315771448972e-07,2.6654863095890825e-06,-1.959521860573967e-06,-8.155048551759424e-07,-2.82359260376915e-06,-2.549909854661872e-06,2.1707306573639277e-06,-1.4782135488125736e-07,-2.533635520896097e-06,2.6602726178335654e-06,7.408081724945455e-07,-2.537880782638926e-06,-4.141456211303726e-07,-2.26539884659063e-06,-1.8298106023191124e-06
1.9794101355756886e-06,0.00010287071404255845,1.536077992739159e-06,-3.5736911218454474e-06,-6.968615613779123e-07,-7.877349167236111e-07,3.86572183382258e-06,-2.8418703232586486e-06,-1.1827166070599554e-06,-4.095021437154958e-06,-3.698102730441476e-06,3.1481838294691596e-06,-2.143834830492176e-07,-3.6745002654267633e-06,3.858160481141226e-06,1.0743849318542746e-06,-3.6806571160361654e-06,-6.006302730673205e-07,-3.2854799336530633e-06,-2.653751689400165e-06
1.059154030247077e-06,1.536077992739159e-06,0.00010082193334647665,-1.912230965443629e-06,-3.7288064660890674e-07,-4.215056782921354e-07,2.0684924192916185e-06,-1.520644131411171e-06,-6.328547270186494e-07,-2.1911873548376118e-06,-1.9788018363741657e-06,1.6845481040093603e-06,-1.1471353309199129e-07,-1.966172495190749e-06,2.0644464477051152e-06,5.74887998276936e-07,-1.9694669378226098e-06,-3.2138866168967816e-07,-1.758013284100151e-06,-1.4199845431657875e-06
-2.464125762137358e-06,-3.5736911218454474e-06,-1.912230965443629e-06,0.00010444881240173089,8.675082011415298e-07,9.80634516893204e-07,-4.812355251080228e-06,3.5377841864786632e-06,1.4723388591301287e-06,5.097805471660644e-06,4.603689778753737e-06,-3.9191073839192074e-06,2.668814583010479e-07,4.574307569858569e-06,-4.802942283245084e-06,-1.3374790506790734e-06,4.581972102805828e-06,7.477119081005068e-07,4.0900243966596e-06,3.3035992827553337e-06
-4.804988644759657e-07,-6.968615613779123e-07,-3.7288064660890674e-07,8.675082011415298e-07,0.00010016916210689285,1.9122147865716596e-07,-9.38398221847779e-07,6.898597914456883e-07,2.8710269613926864e-07,9.940603592925553e-07,8.977089339677431e-07,-7.642169391951594e-07,5.204127144554199e-08,8.919794707127191e-07,-9.36562714737861e-07,-2.608053432119686e-07,8.934740370349762e-07,1.4580210487545072e-07,7.975453641494718e-07,6.441942730515015e-07
-5.4315771448972e-07,-7.877349167236111e-07,-4.215056782921354e-07,9.80634516893204e-07,1.9122147865716596e-07,0.00010021615747504845,-1.0607688615787597e-06,7.798200897907374e-07,3.2454196208957293e-07,1.1236895500409269e-06,1.0147735382948271e-06,-8.638736878603689e-07,5.8827647986905065e-08,1.0082969315909888e-06,-1.0586939974730142e-06,-2.948153359326108e-07,1.00998639495452e-06,1.6481524496069126e-07,9.015482641478056e-07,7.281996169119396e-07
2.6654863095890825e-06,3.86572183382258e-06,2.0684924192916185e-06,-4.812355251080228e-06,-9.38398221847779e-07,-1.0607688615787597e-06,0.00010520560566986129,-3.826880697501499e-06,-1.5926537242495673e-06,-5.514381977758129e-06,-4.979888716483152e-06,4.239364418066507e-06,-2.886901652160718e-07,-4.948105486601401e-06,5.195423504128223e-06,1.4467735996782077e-06,-4.956396340889046e-06,-8.088125554232706e-07,-4.424248227381587e-06,-3.5735589456743797e-06
-1.959521860573967e-06,-2.8418703232586486e-06,-1.520644131411171e-06,3.5377841864786632e-06,6.898597914456883e-07,7.798200897907374e-07,-3.826880697501499e-06,0.00010281331641343856,1.170833171329507e-06,4.053876395500215e-06,3.6609457599047723e-06,-3.1165522112253505e-06,2.1222944857698844e-07,3.637580442465741e-06,-3.81939531809057e-06,-1.0635899669309444e-06,3.643675431646901e-06,5.945953943777417e-07,3.252468822282692e-06,2.6270879159676192e-06
-8.155048551759424e-07,-1.1827166070599554e-06,-6.328547270186494e-07,1.4723388591301287e-06,2.8710269613926864e-07,3.2454196208957293e-07,-1.5926537242495673e-06,1.170833171329507e-06,0.000100487271999885,1.6871237567338089e-06,1.523595680052086e-06,-1.2970324602141152e-06,8.832468226465799e-08,1.5138716089928962e-06,-1.5895384932458885e-06,-4.4264001305632e-07,1.5164081937432316e-06,2.474559946160902e-07,1.3535976144216092e-06,1.0933294461017685e-06
-2.82359260376915e-06,-4.095021437154958e-06,-2.1911873548376118e-06,5.097805471660644e-06,9.940603592925553e-07,1.1236895500409269e-06,-5.514381977758129e-06,4.053876395500215e-06,1.6871237567338089e-06,0.00010584147369684151,5.275276371471208e-06,-4.490827048134438e-06,3.0581414444055375e-07,5.241607883850334e-06,-5.503595845504971e-06,-1.5325905898235977e-06,5.250390519409671e-06,8.567881744929471e-07,4.686677446863067e-06,3.785528581347244e-06
-2.549909854661872e-06,-3.698102730441476e-06,-1.9788018363741657e-06,4.603689778753737e-06,8.977089339677431e-07,1.0147735382948271e-06,-4.979888716483152e-06,3.6609457599047723e-06,1.523595680052086e-06,5.275276371471208e-06,0.00010476395893222106,-4.05554403646409e-06,2.7617245475250987e-07,4.733553834735879e-06,-4.970148053156121e-06,-1.384040970689817e-06,4.741485194569009e-06,7.737421491262483e-07,4.232411216627033e-06,3.4186081312850394e-06
2.1707306573639277e-06,3.1481838294691596e-06,1.6845481040093603e-06,-3.9191073839192074e-06,-7.642169391951594e-07,-8.638736878603689e-07,4.239364418066507e-06,-3.1165522112253505e-06,-1.2970324602141152e-06,-4.490827048134438e-06,-4.05554403646409e-06,0.00010345247254766559,-2.3510478739265894e-07,-4.029660267620047e-06,4.231072220415523e-06,1.1782299521809989e-06,-4.036412210600652e-06,-6.586843848351331e-07,-3.6030390508536415e-06,-2.9102509104495694e-06
-1.4782135488125736e-07,-2.143834830492176e-07,-1.1471353309199129e-07,2.668814583010479e-07,5.204127144554199e-08,5.8827647986905065e-08,-2.886901652160718e-07,2.1222944857698844e-07,8.832468226465799e-08,3.0581414444055375e-07,2.7617245475250987e-07,-2.3510478739265894e-07,0.0001000160100508525,2.744098345181755e-07,-2.881254871950776e-07,-8.023452716357651e-08,2.7486962502976573e-07,4.485476716107071e-08,2.453579915041354e-07,1.9818084347207185e-07
-2.533635520896097e-06,-3.6745002654267633e-06,-1.966172495190749e-06,4.574307569858569e-06,8.919794707127191e-07,1.0082969315909888e-06,-4.948105486601401e-06,3.637580442465741e-06,1.5138716089928962e-06,5.241607883850334e-06,4.733553834735879e-06,-4.029660267620047e-06,2.744098345181755e-07,0.00010470334279223023,-4.938426991278384e-06,-1.3752075820657712e-06,4.711223531608329e-06,7.688038812261079e-07,4.20539862532014e-06,3.3967894894843467e-06
2.6602726178335654e-06,3.858160481141226e-06,2.0644464477051152e-06,-4.802942283245084e-06,-9.36562714737861e-07,-1.0586939974730142e-06,5.195423504128223e-06,-3.81939531809057e-06,-1.5895384932458885e-06,-5.503595845504971e-06,-4.970148053156121e-06,4.231072220415523e-06,-2.881254871950776e-07,-4.938426991278384e-06,0.00010518526125471338,1.4439437102274137e-06,-4.9467016286533826e-06,-8.072305179028382e-07,-4.4155943969625455e-06,-3.5665690636607712e-06
7.408081724945455e-07,1.0743849318542746e-06,5.74887998276936e-07,-1.3374790506790734e-06,-2.608053432119686e-07,-2.948153359326108e-07,1.4467735996782077e-06,-1.0635899669309444e-06,-4.4264001305632e-07,-1.5325905898235977e-06,-1.384040970689817e-06,1.1782299521809989e-06,-8.023452716357651e-08,-1.3752075820657712e-06,1.4439437102274137e-06,0.0001004020961212726,-1.3775118267325523e-06,-2.2479010637504515e-07,-1.229613985334652e-06,-9.931852444046839e-07
-2.537880782638926e-06,-3.6806571160361654e-06,-1.9694669378226098e-06,4.581972102805828e-06,8.934740370349762e-07,1.00998639495452e-06,-4.956396340889046e-06,3.643675431646901e-06,1.5164081937432316e-06,5.250390519409671e-06,4.741485194569009e-06,-4.036412210600652e-06,2.7486962502976573e-07,4.711223531608329e-06,-4.9467016286533826e-06,-1.3775118267325523e-06,0.0001047191174756487,7.700920592918911e-07,4.212445028699859e-06,3.4024810186523035e-06
-4.141456211303726e-07,-6.006302730673205e-07,-3.2138866168967816e-07,7.477119081005068e-07,1.4580210487545072e-07,1.6481524496069126e-07,-8.088125554232706e-07,5.945953943777417e-07,2.474559946160902e-07,8.567881744929471e-07,7.737421491262483e-07,-6.586843848351331e-07,4.485476716107071e-08,7.688038812261079e-07,-8.072305179028382e-07,-2.2479010637504515e-07,7.700920592918911e-07,0.00010012566794169559,6.87410407463832e-07,5.55235937201445e-07
-2.26539884659063e-06,-3.2854799336530633e-06,-1.758013284100151e-06,4.0900243966596e-06,7.975453641494718e-07,9.015482641478056e-07,-4.424248227381587e-06,3.252468822282692e-06,1.3535976144216092e-06,4.686677446863067e-06,4.232411216627033e-06,-3.6030390508536415e-06,2.453579915041354e-07,4.20539862532014e-06,-4.4155943969625455e-06,-1.229613985334652e-06,4.212445028699859e-06,6.87410407463832e-07,0.0001037601719413393,3.037170472281433e-06
-1.8298106023191124e-06,-2.653751689400165e-06,-1.4199845431657875e-06,3.3035992827553337e-06,6.441942730515015e-07,7.281996169119396e-07,-3.5735589456743797e-06,2.6270879159676192e-06,1.0933294461017685e-06,3.785528581347244e-06,3.4186081312850394e-06,-2.9102509104495694e-06,1.9818084347207185e-07,3.3967894894843467e-06,-3.5665690636607712e-06,-9.931852444046839e-07,3.4024810186523035e-06,5.55235937201445e-07,3.037170472281433e-06,0.00010245318688123945
0.3819149730096381,0.1188257093027252,0.10855898146071319,0.10844616582809734,0.12166781051161826,0.11826001367075341,0.09847443477347231,0.1309171343385787,0.1082259672747854,0.09832341182220228,0.10624375561009632,0.07855946179089476,0.10775706816318925,0.08627697670062669,0.10723038274693587,0.12194110844888681,0.12063709759437083,0.10913880062905064,0.1247056353219748,0.08881265024563921,0.10476332406468333,0.09393581021459048,0.01631953889694575,0.018280104491754743,0.1266387649430828,0.09536456942626198,1.2416315672319354e-07,0.17933972418135913,0.025797322199171455,1.2207394261518117e-07,0.013802098231096186,6.680824194460688e-09,0.0098166042551801,1.154215476640064e-08,0.02020588246896505,0.11305076403624542,0.10924564039460485,0.03425888713439737,0.14286457348230922,1.5722233343066222e-08,0.0010794354616789513,0.00010043025176756102,3.555714593075319e-05,4.8522579801340586e-05,5.5081647648799455e-05,3.932586413280197e-05,4.7301219996998754e-05,0.33131623912314123,3.4813120486700465e-05,0.0001081525902755595,0.0002770890293990406,5.308269376862029e-05,3.4792001786281025e-05,2.7708416593146108e-05,4.28617716749972e-05,3.206123630025062e-05,3.9897812944148855e-05,4.1444575722934283e-05,3.108180764527563e-05,4.518191070888282e-05,3.2537829279926945e-05,-0.17711673154674704,-0.27464184146854304,-0.22059063333111012,-0.22264252526588119,-0.2722244185026783,-0.2156329981012526,-0.10143240927678672,-0.27570996701053413,-0.15210954509217767,-0.1335777828948622,-0.18264578148655072,-0.27636539927822423,-0.27899396330046106,-0.24914052518327456,-0.13462639540724888,-0.27149406909627505,-0.25693609901996967,-0.1366948566779237,-0.21753496827124108,-0.27876187636296096
1.2261916258481056,0.13988947368864924,0.09147030004320324,0.11232534096707386,0.15108126024859703,0.1471613817964159,0.08481495530775367,0.15740390329825332,0.15549337170062452,0.09287089215665192,0.15236099612629386,0.10123294773951558,0.09394007619703086,0.11115122817328413,0.10060562624261737,0.09497672295252599,0.16007179197921545,0.1430910681821311,0.15524370798829443,0.09185718033924015,0.15607618858311004,0.04213592125420162,3.575954059129854e-07,1.871997747668688e-06,0.08896048508754208,0.0751777352219657,1.703339784482601e-07,0.1459226818657489,0.11586982027441871,2.7233205636577185e-07,0.09466035142287432,3.954139013249015e-07,4.4029470730105945e-07,1.2301228945880337e-06,3.767371687538867e-07,5.139555674498473e-07,0.1528491942269183,0.04380657423000319,0.12092790754801865,2.0910654813744028e-07,0.11968349097839957,0.002711360628457175,0.0019897133699082192,0.0020969645726643953,0.0026742522410774547,0.0023063924171550336,0.0019704977674127864,0.0023853955482494318,0.0023579848968958432,0.0020048206728858417,0.002685953638519761,0.0020401070980623475,0.0020008831722881115,0.0020906312502090834,0.0020276532536821455,0.002007769420276452,0.002394481918414507,0.0022953939442551755,0.0023570583147883455,0.002126420477609792,0.0023662804566587604,-0.4349572925187414,-0.49341750626562514,-0.4937677646957012,-0.45022526621530246,-0.49402929908331683,-0.4905964347906628,-0.4928159099993498,-0.494788702382695,-0.49189813459999526,-0.4502066375688385,-0.4933992632417624,-0.4937112633244348,-0.493772088421639,-0.49517482352771186,-0.49344508525189956,-0.4942060105468628,-0.491641424184568,-0.4946710896052342,-0.468006175429781,-0.49419190345565467
-1.0851554622631145,0.06961040519437547,0.10840729564742024,0.09805589484756891,0.07089921835749724,0.06136274059827645,0.1046446170995564,0.06024311749202331,0.06344803559425645,0.10233432366239877,0.07610524146814243,0.09070039174432608,0.09530725462666396,0.09435857272690289,0.1078909423437492,0.10038688527470176,0.07341366878169224,0.0632219498107166,0.08639587134588426,0.10709897261924957,0.0965506786547812,9.318989498356776e-09,0.15888542990014864,0.07280952202130526,8.042587281252921e-09,7.54885574572782e-09,0.12438202576435879,7.64949828054803e-09,8.529468915990654e-09,0.10495940386950087,2.1372319768005495e-08,0.006704929971002539,0.052110379907886084,0.04070305442610501,0.14750503168053153,0.09448530756058966,1.5048015117605302e-08,8.430134422381489e-09,7.3462146318247715e-06,0.14152548349794455,0.055921999245915704,0.002153068889156463,0.0015426885696002781,0.0015091684389895758,0.002746693683841884,0.001716439780907486,0.0015841618387764126,0.0014144185422140599,0.002381134205125068,0.001619748462165297,0.0018366997714092364,0.0020296010263722553,0.001501957769360246,0.0015004486349905924,0.0019828010474690475,0.0018849690400070146,0.0033430028596095813,0.0023265070616553417,0.0017418002683190822,0.0018778869887260698,0.002133073267181791,-0.4411752739391708,-0.6269887395048175,-0.6281565394871663,-0.3621557934911453,-0.5274384931714979,-0.6096481081181647,-0.6258408389687035,-0.3994211472589392,-0.5962432995285678,-0.5116567218329932,-0.48486367126662017,-0.6279475299056118,-0.6275335282936452,-0.5113537075277257,-0.5247850048606274,-0.3126841668458659,-0.40708556993309813,-0.5456828310790348,-0.5330972467518783,-0.471598180872559
-1.7648202335927463,0.0526017303116812,0.1101961341984138,0.11422663892660233,0.04751112213228919,0.04249962926306982,0.09604890631098702,0.03166118169500824,0.047518524128581735,0.08389398892427084,0.05534393251552973,0.11057045596407296,0.09158442439429378,0.09466401158676288,0.10649249085054102,0.07939403659928318,0.05049343716793834,0.0638882870998489,0.04321736439914399,0.09729904363434479,0.0658900604225334,1.7347869263755525e-07,0.1458094726873499,0.15841935373589788,5.245270410591055e-08,3.097266562326362e-08,0.09060993177460668,1.2563947118719157e-08,5.388928111647995e-08,0.04675955170014237,1.9502035677562254e-07,0.1388356340835883,0.07957550965810609,0.08635673714882071,0.12460839037647509,0.037059882101259066,1.0856187690250121e-07,6.501275765751743e-07,3.3626724852334466e-08,0.09196407178617022,1.542546766488652e-07,0.0016493715259682685,0.0014929095067223895,0.001532544248885075,0.0014823089805279883,0.0013514616160847307,0.008552406767144402,0.0013269169340037886,0.002042919341421757,0.0018170490345285543,0.0014215359454348867,0.0019084512887967105,0.0020107853821028044,0.0015158981298124623,0.001642148160676133,0.0021639232408687315,0.0013501405155898294,0.0013691525654007418,0.0031286208637743233,0.0014643920917629416,0.004239765810400872,-0.5378424324443584,-0.6459848485343533,-0.6361664167488703,-0.5873625652043483,-0.6346138988406951,-0.18961944075904194,-0.6346297348882535,-0.43929788178215495,-0.5244679553821558,-0.6185747432128594,-0.5300900474906615,-0.4897611567234229,-0.622831203721229,-0.5940574649074332,-0.4491347860301355,-0.6429404295931243,-0.6485771398719403,-0.2983821522081437,-0.6435124357611964,-0.25460859124803886
-0.5781318681504745,0.07670647064510265,0.10945611691900907,0.09980005705262905,0.07260823993410669,0.07876339489658284,0.10154901037088075,0.08549496628902178,0.0877526204886129,0.10291216684658884,0.08712696184977993,0.08943647674369222,0.1036738142576749,0.10396733666041733,0.10039636933759782,0.10615670096903745,0.08243602293362502,0.08632139000178662,0.07819771663917208,0.0994414707585897,0.08694607035565369,3.233239280711003e-08,0.159157650510028,0.08146917027570688,1.8983188405121405e-08,6.581823717112887e-08,0.1002048483296175,8.741163731368947e-07,2.924082580557511e-05,0.11215548357230073,1.756899056247588e-05,0.004384669783659402,0.11040771988961565,0.11903223555778544,0.09607036889848393,0.12957037921579473,2.655871577617693e-07,5.666155275751549e-06,5.698054233445729e-08,0.08748467663290668,9.007544470647743e-06,0.006507086909943117,0.006998287228612538,0.006557336725320291,0.006766535651489694,0.006366257116090094,0.006661307437866428,0.0063085393681162226,0.006332093698468682,0.006543927820687653,0.0066051075906094015,0.0063723377778862784,0.006492400323114843,0.006536961690714759,0.006475348747951627,0.0066006319021945335,0.007248488119226542,0.006422556011111234,0.006272566770794056,0.006482958412223665,0.006346967589005726,-0.6917356284461301,-0.6813309356981695,-0.7101044906304231,-0.6640508018021849,-0.7073266151282442,-0.7023393345453871,-0.7198177299814575,-0.7197582589921528,-0.7144711641927188,-0.6930382427630033,-0.7174171904692447,-0.7200735218629829,-0.7161817770608581,-0.7183942398236236,-0.712475889591242,-0.6345486112943309,-0.7094295280167306,-0.716176043387424,-0.7167226463504366,-0.7174306720930562
0.10821255443764521,0.11234024442896086,0.10779944627917737,0.13030654284875856,0.10873900010894857,0.10170746079547298,0.08890899197810678,0.10362346047335792,0.10320461005265916,0.10193274273033061,0.0872350699417127,0.10720044439084447,0.10665004237411559,0.10093602270335009,0.1026233477096402,0.0888579845142785,0.098480354065128,0.09858894091754657,0.10394527770265488,0.10203175059705163,0.10218667233726683,0.11374236723592922,0.07684284196090052,0.2602987275960941,0.08645058140387618,0.028617176907308833,5.1211279151522734e-08,0.042734257831960186,0.041457635119820826,0.030602694073522625,4.264934146205178e-08,0.07406763163316521,0.06746784085125586,0.02219048727195543,0.03700334614903508,5.018213560808332e-08,0.0022817874849440137,0.004278705360351331,0.0467563621345995,0.032074484068532534,0.03313292887399075,0.0003942315999337189,0.00028858960504849775,0.00016210776597492383,0.00038504635578184544,0.000696448821752289,0.0013640322705574224,0.0001722537916980929,0.0013402983086147023,0.0008628451714610849,0.000728389374325451,0.00015749303921245628,0.00015804490095559616,0.001679858402240568,0.00015706289673307895,0.0002704089316673329,0.0002191875214366256,0.00032700916452813673,0.000446518748312498,0.00016384270263339115,0.00015724342217626896,-0.5183462229757686,-0.6626029163783612,-1.116752204327497,-0.5240537126367776,-0.33142929428812334,-0.206289207905993,-1.0319428576884617,-0.22258464442195566,-0.28707104916930953,-0.306711142982236,-1.122524546500674,-1.1185029296815616,-0.19612967621402927,-1.1205581765804393,-0.6800639527693821,-0.8280216997218732,-0.5878571978794147,-0.4620768233016539,-1.0780507278034055,-1.1190709050625098
0.16960779850537405,0.09817186836760047,0.09075097977924569,0.08267116452171194,0.11748260646387072,0.10649662973715261,0.10974545301085312,0.10192015676475052,0.09371712437121969,0.10019549248437128,0.11406023043051668,0.0875042793368673,0.09559994115670636,0.0981056407932739,0.08720178835227065,0.10371624593226737,0.10650006961965863,0.12112152765491524,0.10602937526773128,0.07037477460820148,0.10562709535877342,0.01623336700628109,1.870888573915681e-08,2.3985884894549527e-08,0.1510264928949265,0.07281926898590957,0.0997544451034816,0.056852045968509984,4.2913991378483415e-08,0.01763722767692338,0.11971328967491825,2.5438372052929996e-08,0.0014287639363850316,0.005049200270516731,2.505143535391164e-08,0.0718989847505158,0.08160089098156416,0.1807541557634684,0.06936211561835111,1.1621600486271108e-08,0.05586960364798135,0.008361600660303751,0.0071568554132013795,0.007102066274983836,0.007972417840865066,0.007357862801349538,0.0074379520451849255,0.007295724084645013,0.007203851341540948,0.007277015469018476,0.008267686286366592,0.00774415089160613,0.007211121263307418,0.007248080013038855,0.0074369824902741685,0.007500922710295754,0.007774505790551251,0.007920179284227672,0.007357915873314626,0.006891148837777839,0.007685980889562677,-0.5767655753060518,-0.649854101205183,-0.6460409770811445,-0.6194078776626278,-0.6503474272515865,-0.6477550342133579,-0.6503913808760531,-0.6491836480260395,-0.6500744962070142,-0.5981035142570414,-0.604235543114062,-0.6505059540725718,-0.6501792879316403,-0.6252812217236086,-0.637230589612138,-0.6212138795027211,-0.6263597016145394,-0.6498762568709174,-0.6509873011072522,-0.6262713148645049
-0.30340737424146597,0.08370493039972167,0.09240870627829577,0.11994441166437118,0.08559121325817348,0.09276388767519651,0.0926789884375033,0.1027680067284427,0.09548292307694421,0.09064668671461396,0.0770619420532131,0.1011536712997356,0.0816235008785136,0.10039689999588643,0.08598317404793812,0.1022797127989119,0.10231107692131004,0.09313488362546046,0.09621897415866876,0.11679207927805532,0.11256267799122183,1.2498378668524364e-06,0.016485368525790727,0.19163608138783614,2.5595194349155823e-06,0.01506120057373723,0.014420879573117478,0.08388336379513421,0.03024311452306982,0.0013675203139552803,4.0222511923410426e-08,0.06569496938986089,4.419579343923927e-07,0.06445761512260186,3.4794347192018034e-06,0.0807460333566167,0.07806065410822766,0.01434139857647333,0.03728430352370326,0.1663929735314293,0.13991675272606488,0.00040623640854826497,0.000928199339843777,0.00046063234786084114,0.00042090485931408917,0.00045100548306704875,0.0026305359661954477,0.0005638617162457548,0.00044359222461789197,0.000843585659164952,0.00039690277785216644,0.0004317672508941868,0.0005019012503119598,0.0010816094363282226,0.0004109497175692743,0.00043158154446910316,0.0004541131825124583,0.029361082954493356,0.02454908463083173,0.0014117636534218478,0.0015968447268153551,-0.4655373414910298,-0.26101906959025045,-0.45997687189103553,-0.46482297495077785,-0.4424947735307738,-0.15306106836274147,-0.38593350019061234,-0.44868387242886787,-0.27834097049228224,-0.4683882481760373,-0.4621380167832938,-0.4004374318141773,-0.24852283812027215,-0.4670029475585934,-0.46297186621539926,-0.45036576511658294,-0.09858810926651757,-0.10274271135894689,-0.22601993260411113,-0.2121881790712598
1.1346168379478017,0.15249688202113248,0.0985735726654511,0.10065523817178107,0.14163134624427354,0.14256974932278316,0.09845028347016024,0.15255187135627066,0.14707227463870542,0.11983946175119739,0.16022686955040844,0.10306587579626918,0.0991365567538214,0.10038768447606433,0.1015157954254448,0.10844937201876584,0.13759021152390313,0.14170069687076264,0.13942379888191497,0.12475319545433738,0.14647157258087368,0.1424091730626249,5.081870102106272e-08,5.0769102141952924e-08,0.06892165722399946,0.08257948788587781,6.492050831426136e-08,0.1485215125496185,0.09932567490702188,1.4403901134102306e-06,0.16333285082477036,6.489818361705067e-08,4.934174659192115e-08,5.693904086299485e-08,7.018672515669326e-08,3.618191336808124e-07,0.062430652692186395,0.06894928417390016,0.06671800373462196,3.138465861426097e-05,0.09677810862307554,0.002588348545401122,0.0021982669181583566,0.0022462476285783238,0.0024798277391346255,0.002487937709262763,0.002244516342301924,0.0025523969128114755,0.0025234951881598446,0.002423736922945207,0.002626245671605265,0.0022560538907108662,0.0021930661362925814,0.002308066660550299,0.0022002169471838553,0.0022555187969028447,0.0024638122080847223,0.002534651595911211,0.0024971478256154748,0.002357247437640947,0.002514162852076714,-0.4616069534259699,-0.46250771698035414,-0.4567662921619825,-0.46423482784828013,-0.464130564928557,-0.45486437555031756,-0.46602054204640503,-0.46412531453430905,-0.4498646214088461,-0.4648036348221061,-0.45768968667634724,-0.46390478482633474,-0.44701794367077385,-0.4651178235432367,-0.46315502336868525,-0.4622706078542017,-0.45736122054375894,-0.4598073188749032,-0.4641217458192601,-0.4646978230055224
-1.0312869578060764,0.060505837163846755,0.09332660561283827,0.103048092845851,0.07526914135459263,0.07869139378213376,0.08767066846635986,0.06100036850653636,0.07087604580573753,0.09368456746342634,0.05467878454517226,0.09657731948943608,0.10616568335773889,0.09101908829017344,0.11115670259499133,0.09087531307662781,0.0597711043687422,0.0449154442452607,0.06648381646382504,0.11747357512375431,0.06997406479678983,2.756113978789662e-07,0.0783123680300284,0.11959662809502718,9.943959352311617e-06,0.007337034093094041,0.047244845337389436,3.2189541433822865e-07,1.4643313559742192e-06,0.07347923535717174,1.2281840713188417e-07,0.08221609930646635,0.13587065858478597,0.06326741080418727,0.14715971580430756,0.06913159056130587,2.4127565533700647e-07,6.599276338866953e-08,6.230101102307922e-07,0.1763701921714857,1.162960307548745e-06,0.006476244902435683,0.006631845990013128,0.006745876793519261,0.0064369374671499925,0.0069999520771500566,0.00657679704952885,0.006310666991733162,0.006400527272039664,0.007111691043353409,0.006889725666162622,0.006680560075452417,0.006779993329410231,0.006609018129269179,0.006866582027311143,0.0069959957836931656,0.007376176611377775,0.006149641477370293,0.006701133740478682,0.006921891246557739,0.006630229918559972,-0.6784417198174107,-0.6967772884819526,-0.696298842348399,-0.6969757786887695,-0.6503955355905215,-0.6961688813300378,-0.6951576588837647,-0.6961185300874929,-0.6564051718547727,-0.6355348612376095,-0.6956289452507581,-0.696429801091836,-0.6965528795192792,-0.6939719881384173,-0.6629030025687935,-0.6023043649010791,-0.695644705694344,-0.6636964110796448,-0.6956285730859624,-0.6735716537576076
-0.1592270099423356,0.08593091525965002,0.12107961962433576,0.09340550705939475,0.09047936322301815,0.08658489024231165,0.09414922415695873,0.07532765660360272,0.08290083115763075,0.0865894757206806,0.08036405139781228,0.10311073781959272,0.09553579410840404,0.11149842071265142,0.11035775345999105,0.08719400615642943,0.09629704497844216,0.1075431154710126,0.10330474660545734,0.10152450655094691,0.10831103845212593,5.7395359713266405e-08,0.2028712511195142,0.024359159607408178,2.2268705319264674e-06,2.668784641317193e-08,0.022323995484264864,6.136280469123195e-10,1.5620566497988e-09,2.0212418264159272e-08,7.764878139806095e-10,0.07041238737236866,0.04247396741791698,0.13338954345270687,0.11616383103433173,7.4341063010103766e-06,0.04127100830386264,0.09836091225398891,0.08058788616142751,0.06161602486997039,0.10616026469759293,0.005793182537209056,0.006074678791540167,0.005852424987550704,0.005814572303866204,0.00577370853058538,0.0058935836826829735,0.005689186279136148,0.005787451540758678,0.005773227122690978,0.005729426614566218,0.005929565972676665,0.0058472510972467015,0.005993555117147764,0.005991683206197038,0.005801494188007378,0.005891554697078601,0.0059541576883008485,0.005914453460637145,0.005898552484308499,0.005985714842779765,-0.7767663895565897,-0.7799294285438793,-0.7772573600369197,-0.7787763247427457,-0.779746206145107,-0.7732349722045783,-0.7787737192264536,-0.7744189647851899,-0.7798086305749428,-0.7788741707785022,-0.7780758338796298,-0.7799919058920654,-0.7792694581872406,-0.7783373246695755,-0.7770409596786876,-0.7756165701925775,-0.7797267815637059,-0.7799937342301042,-0.7800382427709652,-0.7769565240492846
2.3505926067442644,0.19090748338117985,0.11108652580013265,0.10241500824072183,0.21192782783442027,0.19223520717525935,0.10150070254780573,0.2189623008929321,0.2137294182665121,0.10793431097157914,0.21672199286125832,0.08522862985478144,0.10366972211351325,0.10601117897870434,0.08296759084514364,0.09718745210972057,0.22545512024243397,0.20908975264689827,0.21401733646237064,0.10794540402523867,0.21627908626459777,0.04447312040821288,1.1194186385176412e-06,7.815820082640839e-07,0.09489581528583325,0.03977291880389335,6.57606369065712e-07,0.1434358959644344,0.10338527217034589,7.691243993508182e-07,0.10902066833032523,3.9644819770898813e-07,9.03234209500101e-07,7.748397451274287e-07,3.8045784148087316e-07,7.783869619026886e-07,0.1554987107920437,0.08507251836220545,0.11196971593740868,6.770446642194796e-07,0.1124681617077711,0.00803880369213647,0.005965173639270892,0.0058883289436642665,0.007273955706688164,0.006798835324293924,0.006041115914157756,0.007242474991549894,0.007050589759115771,0.005938340161658485,0.0075024628668724815,0.006258673680600374,0.005898806331168959,0.005922567086593066,0.005747083310561118,0.005850133913065533,0.007193948888370811,0.007548315117799702,0.007407820241089833,0.005942614183396898,0.0070852644324674195,-0.6887356423028093,-0.781945857496584,-0.7820163747658502,-0.76209392687882,-0.780870845038495,-0.7639421504373546,-0.771520592516967,-0.781334995869389,-0.781819020869086,-0.7501339235062734,-0.7246552390159519,-0.7820646190462298,-0.7816876399560552,-0.7792422883340978,-0.7812228701503656,-0.781742156907464,-0.739262842450334,-0.7542419922801278,-0.7813463859122101,-0.78110477069565
0.6643223576910698,0.12261790009851026,0.08467189174107217,0.10244883308082835,0.12457582811115188,0.09708985194803643,0.09002128872518361,0.12019432808083023,0.12697986278735404,0.10598655680706301,0.13368193691338912,0.09990977299980487,0.09572670168810403,0.1091979464551815,0.09471898188945185,0.10435674662755713,0.12349619650839365,0.13644690163413756,0.11912248689757576,0.10909186278249397,0.13735421312552165,0.09844404240039666,1.1353555212864615e-07,4.7954540841511505e-05,0.08224716283719659,4.5524134641977275e-07,1.3262439509903159e-07,0.09498932090361029,0.09794142579691605,0.00039469362837483556,0.12617911708099092,4.34598966499081e-07,1.0196977942694539e-06,0.019744634292551987,1.6247186909447303e-07,0.014283854513857676,0.09865258674318957,0.1422137795864724,0.06847990103310432,0.004704795385371937,0.15167441308804963,0.008159019809519542,0.007631234049081418,0.007931363688920548,0.00817472687515709,0.008253835308864877,0.007835920852985012,0.008109528217307054,0.008322851750501726,0.00807965790642822,0.008384677516020783,0.007803066109648876,0.007793134911141377,0.007955179487555891,0.007896716773041062,0.007860428507346022,0.008201308440029335,0.008418824240789859,0.00811544375861451,0.007933872508996295,0.008479945744129906,-0.6130838350790777,-0.6089700258807111,-0.6069846187985017,-0.6140991366871347,-0.5819276379039952,-0.600572748236834,-0.6136584025132705,-0.6078046549271933,-0.6012774978522374,-0.6109603595072994,-0.612721106326898,-0.6091119456514104,-0.6122135951966305,-0.6014619861592615,-0.613328898140766,-0.6114337944710942,-0.6117829669679203,-0.6122261394909938,-0.6134668070599167,-0.6092405595942304
0.3807876011240028,0.12023305335537655,0.08843829941635357,0.09758315282916552,0.11587129246849928,0.12113113153498972,0.09732369795388876,0.10794435707604497,0.12165404171183376,0.0883492702509184,0.1197554341765408,0.10023418891445088,0.10519668487618276,0.11682983720659078,0.08175654559081919,0.10516914187345348,0.12131014517764949,0.11100674000034808,0.11626854180207076,0.09780581252018039,0.11334835983463151,0.13583205725253672,2.825452645626246e-09,2.4565532323764427e-08,0.07220402668917139,0.13585493969794962,1.0899368435657005e-08,0.016646435007323622,0.13386217523471544,1.8059715591895363e-09,0.11016343241398627,1.6556135738469574e-08,6.184735804554121e-06,0.09349747292338184,8.433631877360478e-10,1.292494903932693e-05,0.14374073582098706,0.02214421508309212,0.08643252114422681,9.060224202496747e-09,0.049602812491865565,0.0002999034845058237,0.0006054152089301963,0.0005074164893281079,0.0002483022333020471,0.00025189676490321557,0.0002443882395720112,0.00025773743164716513,0.000790072833894605,0.0003864534829674574,0.0002508734298563664,0.00025411782636031535,0.0002556659520760163,0.0003126687006702526,0.00024159913425524364,0.0002483152508096292,0.0016835261859826905,0.0002460911723981389,0.0002486835823382197,0.00024768469379662786,0.0002469729085458406,-0.6476662211719304,-0.36420468106655657,-0.42440520176570096,-0.7576650525903921,-0.756911394558981,-0.7514830258291657,-0.7148930208310693,-0.32119785687118796,-0.4975726194675097,-0.75745762110737,-0.7284694372147865,-0.7260972053409033,-0.6280710147953547,-0.7574517546957976,-0.7469914727156687,-0.21391870172028515,-0.7570356655392384,-0.7574774750201031,-0.7574724165540343,-0.7574637469057419
1.1706297039998896,0.14094563108321406,0.077245851545164,0.113352227785316,0.15131820842008525,0.15015123916270456,0.09291612788385334,0.1466405005903435,0.1493348364118347,0.10056269933484915,0.15071637220596465,0.09263357118336527,0.10551189945557998,0.09786840266511028,0.09921680205480064,0.0995863251299618,0.1381714814021696,0.15816398427661446,0.1603660050303966,0.11512854055416007,0.1412640849354749,0.07323768566718851,3.307208729546597e-08,1.8853571245405719e-06,0.10293344908819997,0.10928019885939805,6.764968091773881e-08,0.11078006685347608,0.09584262131148356,1.3930131964253283e-07,0.09758399133425825,4.629625755536569e-08,6.775541640562085e-07,1.1889529612013523e-07,8.176852049608237e-08,3.09977519679211e-07,0.055047018130205835,0.13783769084622935,0.16245787894850577,1.0296581180790353e-06,0.05499500962659712,0.001417446613274051,0.0014253124432306952,0.0025301578486801577,0.0013548666438774548,0.0017740617212335507,0.001261138736453689,0.0013438617334799435,0.0013670592448435611,0.001477595151233711,0.0013532629990605936,0.0012643364179286845,0.0013538242458002935,0.0015375125849234638,0.001264067517638946,0.0014929352512080048,0.0013244497147853105,0.0013698748805025457,0.0018191192413939022,0.0015240748558405333,0.0014167052249946042,-0.7054179294952274,-0.6386016906364209,-0.42952159383894933,-0.7418269415153191,-0.6011170024437917,-0.7273334656497575,-0.7419792349193619,-0.734561967433579,-0.6420492000899285,-0.741925841242183,-0.7254510820976183,-0.6964756415576194,-0.6182081175634788,-0.7321717241377059,-0.6355162702513935,-0.742183404300382,-0.7421858239796896,-0.60016529190148,-0.6400767692020803,-0.7060320361311163
0.15586236527466285,0.11136099981115505,0.08991233776842028,0.11959301894738697,0.10118775952241216,0.11765714943175595,0.0883278619117949,0.11006426836693062,0.11028120197222697,0.11070456915225581,0.11807468786411443,0.11050848364282054,0.10146078424396146,0.10506832730015638,0.07858951216590325,0.09135138545491614,0.10019027060992819,0.08413490720314341,0.09859621108012322,0.07426002825031884,0.10578750077812661,0.09919450049904693,1.896935787596729e-08,0.170307129995229,0.0007109013483733778,0.14881741313095265,1.072061650392417e-08,0.09169703212198574,0.0799181310120408,0.08700465389744563,0.1455414345448245,0.0801605565956166,0.014964710255302865,0.039672112470543905,5.650912728497122e-09,3.176322593121295e-08,0.0010192101317877916,8.014675256231412e-09,2.368872357866569e-06,4.681291235620863e-09,0.040989765324798345,0.002093108218491764,0.0024425631286041248,0.0015915739983635132,0.0018640244511322615,0.0016148938885348658,0.0016727884026805145,0.0015596528194796182,0.0016258862063926085,0.0015930137999584087,0.0016807326796953554,0.00178660587691861,0.0015580861434936406,0.001581579814167778,0.0015009881392900662,0.0014768090652722298,0.0015581941354000349,0.0014745201805077273,0.0015113156388401284,0.0014554747049819253,0.0016699287125234881,-0.4936246072526535,-0.4174880087499022,-0.6222990656352122,-0.5304195822768872,-0.6131044156227873,-0.5666287250841243,-0.6230580521481168,-0.6023792278435786,-0.6129563071959916,-0.5941147221771037,-0.558338937917081,-0.6149702983225833,-0.6109508898769277,-0.6116282951358213,-0.6331134425339658,-0.6136642224574149,-0.6267368568610808,-0.6279937315922611,-0.6239613483363515,-0.584907479573473
-1.8186159725745965,0.04785485107594684,0.1154417367907764,0.10263819916689286,0.052706619998955775,0.04017770864979198,0.10453702968942066,0.04808959509872424,0.046178695866297866,0.08682720176340163,0.045238627391418755,0.10687709465650672,0.10463462871182552,0.10018326959558042,0.09895577422730766,0.10720031151862369,0.046527874834250124,0.046486357917594964,0.04476554709296235,0.10204924469890843,0.051778585596167034,1.5599376961310748e-09,0.1698595802311082,0.09691678276113978,1.8521339724676493e-09,1.302774888159397e-09,0.10998887582066347,1.5578655470097743e-09,1.52049837671561e-09,0.007342808900969375,1.4907577111608374e-09,0.1259769132739037,0.10713438085349676,0.08403482252147686,0.07979134817239887,0.1212755732652565,1.5109095886750409e-09,1.5382165305469212e-09,1.4530923075180472e-09,0.09767889862507818,1.7879582252100422e-09,0.0021191184751192136,0.0014643371481086096,0.0013591349627284153,0.002668517807357936,0.0012490430112110547,0.0014285672797972903,0.0014021053649462987,0.0012454366964808256,0.0013352954864123035,0.0012624567276257272,0.0015629094060017699,0.0013797112999729057,0.0016283388588673282,0.0015385328230050758,0.0014941576881348417,0.0017685284317974855,0.0012406873576601574,0.0015114094870325118,0.0015163238538430425,0.0012669738599041887,-0.42554748205601445,-0.6619382050772022,-0.6914206390958604,-0.3525738239526651,-0.6809816667216504,-0.6647263893076913,-0.6188553995767586,-0.6884253350911989,-0.686130746830619,-0.6791312708145254,-0.6189182371814761,-0.6846396561299282,-0.5915718270699347,-0.61910856477539,-0.642764140203526,-0.4989585803958984,-0.6904974111338337,-0.5742388253709747,-0.6298130954880004,-0.6833789045382427
-0.5305231610610154,0.09892753703855153,0.10914795919592978,0.1066147740969962,0.07397633667194133,0.08299454974955744,0.08652668192174867,0.08350787864896309,0.08382956686893352,0.099043724815903,0.08660147199220931,0.09601099250525719,0.09283487080858471,0.09129240529155316,0.1070608352759393,0.1040687365205693,0.07378831701120946,0.0774722408346111,0.08070998763893802,0.09800259549901341,0.10311860715692228,0.07688589965970688,0.1626668694599063,0.14191038207931603,1.087361818832548e-09,7.3936616761198115e-09,7.463420590433852e-08,6.530636623860965e-09,1.0800127915439859e-08,0.0781620385454182,7.422923596374088e-08,0.052956782740089754,0.02574866760859071,0.012898549513643198,0.1461315490244128,0.12023455157682834,1.2820356207121948e-09,3.0622832999500355e-09,5.4254904247284864e-09,0.06958840009916352,0.11281612524788744,0.0011565272427547003,0.0013478064581527245,0.001170380302280243,0.001111946541528902,0.0011320669186213046,0.001137255168169177,0.0011298862765861811,0.0011287810650431433,0.0011538936928440567,0.0011469226945751041,0.0011553582928064672,0.0011429077790260126,0.0011422706110162854,0.0011768984392273435,0.0011655502324551174,0.0011112543501419605,0.0011220990904785414,0.0011224401164075823,0.0011539169928688573,0.0011585200692494618,-0.7906407888201401,-0.7027007734267002,-0.7900890465141385,-0.7933863805158512,-0.7896589779302138,-0.789863194993905,-0.7914541716668249,-0.7925495201129529,-0.7923371021540276,-0.7840299503489677,-0.7884253524121357,-0.7927920510399699,-0.791639759706619,-0.7866585914035352,-0.7904064262193135,-0.7936528529855386,-0.7904106454778855,-0.7934354997553323,-0.7912819318867308,-0.7936024488734977
-0.003193872883936741,0.09467720330338222,0.10735452366229276,0.0930959113803746,0.07554312102227631,0.1022297569971659,0.09000599224444886,0.11255586050214442,0.10519666615955138,0.09368575888514094,0.09414787608424205,0.11214758553547909,0.11107299230790099,0.07589171040306349,0.10074703929817987,0.10972308263020149,0.11182466236089084,0.10397463537235901,0.0827357053362421,0.12150587198485943,0.09011802731116375,1.9093925525165325e-06,0.0775712384144601,6.534420848011925e-07,3.6133684656890055e-09,0.03435690344404337,1.4298825184016774e-07,0.12139723496299723,0.05936591644291817,9.729168277565806e-07,1.4009311987575688e-06,0.11793021071625191,0.1089010739453789,4.957802286408422e-09,0.021837682296481524,0.09753047495020194,0.11522660167422022,0.04905868269686894,1.3221035457832641e-08,0.1968187282428038,1.5074997670409626e-07,0.002752607522416834,0.0018417677600708917,0.0017524575600284388,0.002445764781600447,0.00179039678096477,0.0017857268659397189,0.0023074899741093707,0.0023581755110176255,0.001936743460033282,0.0025007383809527786,0.002879353239776278,0.001824522081501217,0.0016877256799813993,0.0017824393855560455,0.001818803346479502,0.0018596718282276792,0.002829504756715511,0.0017162209993696767,0.002645835958438817,0.0017491543530399859,-0.38524198834931017,-0.5416744168342453,-0.5496263165469718,-0.4026698319552723,-0.5490887956972006,-0.5380320215665904,-0.459286872906365,-0.4444708305195414,-0.5066279030896785,-0.41409034911357306,-0.39000737140687713,-0.5495341728974207,-0.5496184249636653,-0.5495980565857759,-0.5495768013539725,-0.5419457988014079,-0.38666642427338216,-0.5488275084926985,-0.4238723699892467,-0.5475030106242689
0.514015906446667,0.13551673712017617,0.11039637963037392,0.10162191838112637,0.11720414384698156,0.11191505813773112,0.10974484203313999,0.10997231277399538,0.13206391111258298,0.0916405087940501,0.12033136969243431,0.08486695096013504,0.1091758095278701,0.10371500648202783,0.08109350208338553,0.10118628428873451,0.12603829013650597,0.12001818669219834,0.130058545530902,0.11756952911278024,0.11873499728661566,0.18674739376135183,0.02417174918555176,2.2513970354057725e-06,0.04957674807691966,0.0234293012075885,0.008857139115323771,0.024374916641846017,0.14952643389564096,1.8422537649529958e-08,0.06858020583177162,1.4631087529424694e-08,0.01696634975142422,2.0573622380113193e-06,1.2660251573993286e-08,2.623007555425246e-06,0.12166033620568943,0.06776659217328515,0.14307378348942645,0.05284739658469654,0.062414676598839376,0.0016744396308667198,0.0015884945459183567,0.0015595094778844201,0.001615552840054841,0.0017939132329129704,0.001588728542487994,0.001585425175902484,0.001660252736559795,0.0015361391789357288,0.001623487006831079,0.0015143975941938077,0.0015988855104919252,0.0015654565761252523,0.0015030677136131099,0.0016100185229611739,0.0016407731176343102,0.0016260092757880516,0.0016544238718157614,0.0016117126597662793,0.001643574334489346,-0.6127666856936426,-0.6137172685089531,-0.6140358307506635,-0.6118516816702971,-0.55750872840193,-0.6129897419272756,-0.6142701230319897,-0.6133861797991733,-0.6130008560482267,-0.6124989222074949,-0.613155518796432,-0.6091625546538085,-0.6142456958188762,-0.6133409046634828,-0.5975951408364616,-0.6130125147113434,-0.6114105166269254,-0.6130621574263512,-0.6134365370032218,-0.6048888872481855
0.207751316059934,0.11314226427661625,0.10146982411894209,0.1018904264833758,0.10234582500178406,0.1144174919862547,0.09912931738888084,0.11253059823726,0.11150007134387808,0.07983303402781408,0.08860003835120253,0.09676920338598803,0.1029091089817011,0.10298265666517431,0.10330993392832993,0.09150355680665131,0.10212211755489332,0.11407855362163395,0.1018365184455551,0.09315187493481648,0.11701769806381129,0.13309109877225622,0.020569357177882466,0.0223215838286521,0.01769263437066109,0.14065047528227792,0.00015172099145357683,0.13049969946504617,0.1083900710056527,1.6835548596868312e-08,3.6380487448045944e-08,8.892872285446167e-07,0.03470779348933922,0.029675532575266072,0.026881383220509595,1.0015919125019765e-07,0.023736774625093195,0.1321066984525211,0.017986159478533353,1.180833779405055e-07,0.16153785651872835,0.00537926897397415,0.005276377009930392,0.005288868062719731,0.0053066290448338,0.005451299101535149,0.005263992534296535,0.005748497724147642,0.00535510658255118,0.005144222831503024,0.005463668938162866,0.005359895603506266,0.005345333016413717,0.00532654149656219,0.005494280987582813,0.005299139642911495,0.005323235683172455,0.005432919910864115,0.005283208029447408,0.005226085291938712,0.005485716953597583,-0.8571865619161474,-0.8600186345055811,-0.8586471713144203,-0.8565698757948209,-0.8486286544293996,-0.8594638744668032,-0.8087794756479824,-0.8588998389679621,-0.857869300755381,-0.8211473539176183,-0.8435015411757384,-0.8516746987154294,-0.8543882977495264,-0.8317702685356555,-0.8467934293419743,-0.8539941706655978,-0.8507750988225568,-0.8594041611439769,-0.8590078364855893,-0.8466171210091958
1.1291639532198128,0.13270171810906864,0.11284711424416027,0.11915282657286455,0.15084355642583214,0.150599930080922,0.11095636474453065,0.14008667076661496,0.1475173028067599,0.09471583010892191,0.14296737181668231,0.0835958851562024,0.09703952437100666,0.11344723982658728,0.1014359343376397,0.10470641026126774,0.15149149000573117,0.15069020049693702,0.15598531764237497,0.09784727249305443,0.14605241069939673,0.03503700693401748,4.284990358082179e-06,4.012890708503334e-06,0.11133163635466342,0.12224148242667122,1.994734100478412e-06,0.0836581984991654,0.09619032743919897,3.399788003964617e-07,0.0657209061681644,1.4837732697177236e-07,6.594045287800092e-07,3.1520109853906567e-06,4.580618926696085e-07,1.6037405245538389e-06,0.13468985219456014,0.11003346048763643,0.15217529977948888,3.4948473363440417e-07,0.0889048260423093,0.002316909579777879,0.0017628856435558038,0.0017917761919258408,0.0021071036139947708,0.0019195273074131694,0.001786827157057848,0.0019746667746101156,0.0021267019557848175,0.0017054873827384567,0.0023622706210486635,0.0016805482467971032,0.0017139070358874577,0.0017706984219813208,0.0017243031678924716,0.0017375724098026976,0.00192506697497178,0.002021475689856672,0.0019504959294235642,0.0017633052911540008,0.0018984308242901314,-0.4783101273267422,-0.565929431486296,-0.5642380504282745,-0.5308223698507264,-0.5660561491699111,-0.557402309215099,-0.5443745852744151,-0.5241276046510273,-0.564090273827474,-0.4815567555709882,-0.5622427649284796,-0.5646783721703267,-0.5644161861963441,-0.5658669105253818,-0.5649524965659444,-0.5657930063629664,-0.5460150156149934,-0.5650882278737234,-0.5508091555612974,-0.5659929098169334
-0.37793704197202116,0.0814453989590444,0.09511037708299597,0.10805080229395152,0.07542877700453282,0.10691328393544129,0.10626105450347102,0.07603191720858767,0.08539856417531977,0.09356103930746475,0.0860023443151413,0.09095879596202125,0.12055971559828738,0.09619972369974406,0.08416970977885954,0.09210917309136563,0.06679585897543672,0.09150039084673851,0.10516894097953161,0.09547783063932958,0.09523866716817476,3.4446313714899632e-09,0.04328958598238931,0.12881649925553457,1.780482856201637e-09,0.12357937741735953,0.1194375242733117,1.6584908844670701e-09,6.483826531702833e-08,0.0371689015571968,2.5438171766850224e-07,0.022683128174528187,0.2089245109473349,0.05350453397198908,2.536552307849897e-08,0.02274302677303748,9.651754474927357e-10,0.02619367122875675,0.11223506303483337,0.05181225984056624,0.049611565108886015,0.0018434797434736293,0.001730418385611737,0.001773669091267408,0.0024403463909842167,0.0017633585299341448,0.0017519823839437718,0.0019822255724308967,0.0017018504425830418,0.0017009071629308656,0.0019581910301205256,0.001695258109654779,0.002315061724131467,0.002095604246914155,0.0017002698180026803,0.0017139078694724938,0.0016430698844408934,0.0017132166506788789,0.001759667956461576,0.001741527669940502,0.001790926372601545,-0.5144634440475789,-0.5568309851506582,-0.5581224389218628,-0.40264947998866,-0.5596773519365039,-0.5620635828833296,-0.47961252764348483,-0.5553523992669025,-0.5638158089633318,-0.49443384758347975,-0.5630461774452886,-0.465843816220573,-0.47850603747478737,-0.5546261530322535,-0.5584719617768281,-0.555690335809976,-0.5580555981106248,-0.5589112618199862,-0.5541260228616856,-0.5409280715528783
0.4167055984757437,0.11858220351512803,0.11552468832129865,0.08971792945058538,0.11098439025502324,0.10754424264975199,0.09173002484921383,0.11849271721887109,0.11094172094243593,0.10218065774920823,0.12400403768851796,0.11560490130910282,0.09322575836029572,0.09953623860150694,0.10842891408964606,0.10111596777137809,0.11161708194680726,0.11391801767175598,0.10704930929384408,0.10541578186367374,0.11298211527986923,0.14055074382066518,0.10880874847967865,2.3290105168486767e-08,0.04282652671702966,0.012828693275131017,2.6165897249995972e-08,0.14413693546699557,0.04411992134548209,5.593208372101582e-07,0.18606307669907718,0.09376737068173109,3.659276313288073e-08,1.4864786158690364e-07,0.015210591974158279,6.114998850795901e-07,0.06116549277664034,0.07514359388930841,0.008111283877245672,2.1452132438805078e-06,0.06726347026625636,0.0020079998031079342,0.0016927786516317137,0.0016507811365658884,0.001627560968790783,0.001617783790775618,0.0015970227925212266,0.0018550666316009745,0.0016249187994860628,0.0017897609361708583,0.0016711376353739536,0.0016500758915935013,0.0015754853664849931,0.001595154377570517,0.0016197641402818166,0.0015952635888755945,0.0016628582488376793,0.001637466553171373,0.0016181296940798858,0.001608647826086898,0.001633971406003346,-0.5169562567151023,-0.5875158277944055,-0.5736851551651788,-0.6021862169298517,-0.6013649711397006,-0.5920143391817699,-0.5497279337138595,-0.6027988702367341,-0.5489063645316078,-0.6021083670432461,-0.5997598067011866,-0.601762413909992,-0.6006428818190214,-0.6016704122691855,-0.6019478648888376,-0.5922905094475417,-0.6023465228925138,-0.6007673968136706,-0.6024690352478406,-0.6025400955006558
0.8136061249618199,0.14576513185687703,0.10714340733695385,0.08932229763280004,0.14682179665505868,0.1316210349854443,0.1004517857469285,0.12256852991911493,0.127674203944378,0.1006777041099474,0.14537512025051402,0.1075420040598315,0.09567283064409722,0.08293529301963182,0.11477135448785507,0.09209110898465855,0.1232358349634434,0.14272531872455554,0.14888370902918543,0.09905784075339794,0.14016905388210782,0.14498478921548413,0.0023523495944551024,8.689098115308677e-09,0.12409898362456714,0.07902454065870416,2.8006481015129376e-08,0.06526027961350511,0.05464593661570141,2.608752250387269e-08,0.11623988453653675,5.666809159917099e-08,3.095230378697459e-08,5.360141026674363e-09,0.0018795727626585651,1.7974259478466028e-08,0.05539115393872464,0.10795451170061637,0.14533347946454267,1.141022852140029e-08,0.10283433312659343,4.372349765964179e-06,3.7745148758437574e-06,0.3387383480502782,2.1151379079738047e-05,4.171400581223172e-06,4.668117506653479e-06,4.679820332339432e-06,6.353032531494363e-06,3.7814868543907626e-06,5.690524060988874e-06,3.84244036473556e-06,3.678781705157125e-06,4.190283600226777e-06,6.767506596963799e-06,3.6258872284142856e-06,6.345063248484603e-06,4.294234960186286e-06,7.59962123643326e-06,5.4857178016393815e-06,9.809890990212491e-06,-0.4428943167893176,-0.45191885514088476,-0.08385854081239698,-0.19031654581653792,-0.4427885366649202,-0.3781513525852822,-0.40020131374529205,-0.33012156281898175,-0.44428051628542803,-0.3718748416625251,-0.4452791594650169,-0.44956708463694095,-0.39280490576799754,-0.30433769889814954,-0.45126880175292466,-0.3265081962218324,-0.4445160497512048,-0.3174009509666019,-0.3343645031583346,-0.2686182948713626
0.18209833217655202,0.11127574541301047,0.10770592938586979,0.09436907583743201,0.12057926279038142,0.10462103921764405,0.11572215916589541,0.09774084811007204,0.09905665421858223,0.10679918356028824,0.10546979942135348,0.09443124717454818,0.09843543003577841,0.10513356929670191,0.10738337537501759,0.09581563570990194,0.10447659880764523,0.10578755491234865,0.10132222288415638,0.09523924004150014,0.10988511318694436,0.12201749391170855,0.08842792665723288,1.6624195540214163e-07,0.19661939732447234,0.04185970963274565,0.15724684500033376,3.4106701932189567e-05,2.9946345585701373e-06,0.06264476487724625,0.037006373219485404,2.1455356411529446e-08,0.00012017920661311593,0.04916255930290562,0.058694506158626224,1.608105472180891e-06,0.047501853525695394,0.042000573731792445,0.00777127248853253,8.696112500001745e-08,0.08888756086229116,0.0027207651025222784,0.001702832805808813,0.0016564455894475456,0.0027875563777215876,0.0016939501875416379,0.001970492136872967,0.0016679756388180084,0.0016726755545093043,0.0016996914158778358,0.0028908396267761827,0.0023816400989663806,0.001669284708667261,0.0016979831116036908,0.002558306479309765,0.002196930031245748,0.001697152368773137,0.0024445486941693058,0.0016861357289290773,0.0029114682252989244,0.0022094461684105883,-0.4050391286145267,-0.5771397773230746,-0.5773906784322712,-0.40744766935423526,-0.5769560473544418,-0.5214780927764994,-0.5774194366571326,-0.576855939840636,-0.5773237102834314,-0.3820997202976161,-0.43017834679818495,-0.5772845539972614,-0.5762572302148833,-0.4201246632153947,-0.45983605370856956,-0.5758734518543985,-0.43290492751807247,-0.5758384565870753,-0.36957862673549396,-0.47184913570398235
0.9875289173546559,0.14383145886715212,0.10360873372536841,0.0916762733862338,0.1317386045008084,0.13020602433668776,0.0941035261508257,0.14338927292065817,0.14599162086564732,0.08446601568185563,0.13339778816811992,0.08521133770878324,0.09674743023319396,0.11373733066155328,0.09646914237505892,0.10563370965453732,0.17178338144620553,0.1402187657651655,0.1475482449588901,0.09417682203207209,0.13563537908673268,0.10980711527816639,8.813262701433088e-08,3.195856612334019e-09,0.059900022872831596,0.06040709543416167,3.357087552552751e-09,0.11196317578510817,0.10764967346173056,1.848712268441966e-09,0.06429831740055109,1.7691781556268239e-09,7.4472327105934574e-09,0.007089877593108242,3.3849925579439087e-09,2.654177852677781e-07,0.20043458615588652,0.08718668400647252,0.11701319654006942,2.8999349270903506e-09,0.07424987802924331,0.002497632151948865,0.0017542013746069324,0.0017178812627972496,0.002261920701004408,0.0018692764380598059,0.001742382228947092,0.002122381361126601,0.0023533010219452277,0.00169205722038621,0.0021580592634876045,0.0016973359792777803,0.0017384760122873687,0.001805232926377597,0.0017399209483260774,0.0017695042805905164,0.002075598691830466,0.0021483986206513378,0.0019522421532012237,0.0017312429705811712,0.0018983517750162588,-0.4632485939291368,-0.5567658177779469,-0.5573405215310173,-0.48540675995168414,-0.5572665386321047,-0.5533387579870612,-0.5204339530064572,-0.48606592410336347,-0.5574130118568448,-0.5028779408153787,-0.5560371939294613,-0.5570582616849931,-0.5570269757127141,-0.5564061970027125,-0.5571209284332892,-0.5573329774613062,-0.5114562908651623,-0.556906509229405,-0.5561462582103832,-0.5565912321930929
0.01593651538066618,0.10163547898783867,0.08853972993849053,0.10165516370514485,0.09798917070404704,0.0767303959624923,0.10769516546637059,0.08263827044027189,0.10349423347769418,0.12906871007016307,0.1012893520778316,0.10895798396064084,0.07650422821788885,0.09549083627660473,0.11977387660642509,0.08766654796197018,0.0915483362648423,0.1165969531810169,0.10355819880336531,0.09605080741926214,0.09278716677587795,0.07160409848810306,0.006921920081585865,0.06913938744590578,0.019943432162955518,3.4812857319458773e-09,0.08788764270991963,1.92106918915298e-08,0.05357190258322728,0.1997009003705838,0.03453665744057916,0.0777530313984163,4.7738539922346534e-09,0.026085822703810255,0.13553403638824266,0.007967600450269313,0.012519372288665526,0.11856668805761088,0.06690540036405215,0.01129309759371305,6.898200667841974e-05,0.0018361712202992365,0.001636691090913653,0.0017470495904139591,0.0039054928269841582,0.002019206073275862,0.0016815546580185572,0.0020221759007741013,0.0016523148648201714,0.001759150035858423,0.0016501648584729962,0.0016766810919769573,0.002421687533065881,0.001628266679612083,0.001859597471031459,0.0015998776350707108,0.0021343085239026714,0.0018521680570287105,0.001735600388050696,0.0016952385661581026,0.003372373493915306,-0.5373109208191489,-0.577425261001271,-0.5595982925455222,-0.3028557661908681,-0.4729796537646285,-0.5834814391898723,-0.47830793037728586,-0.5878154292290267,-0.5838610599555918,-0.5862435714787017,-0.5861218873476807,-0.40691030175240966,-0.5869291508822363,-0.5499792310018249,-0.5878834899548944,-0.4665020788683423,-0.5485228210384218,-0.5645336326279027,-0.5680398375881518,-0.32982095045158055
-1.6012609519182377,0.06761618130350942,0.10029163855288721,0.09323412029238402,0.06988394731050379,0.06886899112357182,0.1058787801277468,0.06488495181253738,0.03764634123521462,0.1050312024709972,0.04907881597540441,0.08657605309879482,0.07478483016137531,0.08290457278746692,0.1026578413773983,0.08781876496107933,0.05515368440562132,0.043585117193955594,0.05155184400234371,0.10577828613630297,0.056504927274422106,0.0007968716503706553,0.12778276808429517,0.09806480789646774,0.0004500130516786587,0.0008303798595310451,0.1429561220569031,2.9926212184539034e-05,2.619065000434868e-08,0.13894292207156353,4.356358529353388e-08,0.06263546986422679,0.028617692362181937,0.0545197769081893,0.1251512243595155,0.0811274116471318,1.3546515521124402e-07,3.2557993968567584e-08,6.657511092723442e-08,0.13809419561726224,1.1400610579691666e-07,0.0016453707512189813,0.001757411122981052,0.001738680375782703,0.0016577315909571157,0.0021132028681738173,0.001796735004837846,0.002391889176635756,0.0022164204086468665,0.0017803133595181127,0.0025443353160595865,0.001715737246507443,0.001661355702651462,0.0017015825030856635,0.0017645838194776074,0.0017098221520780695,0.0016055737195917168,0.0024040723818947625,0.0016038997452717208,0.001789618783375222,0.0016104801284446716,-0.5545933472552875,-0.5542894342864535,-0.5521482617598825,-0.5530485112956736,-0.4488144305663816,-0.5498627490643139,-0.3985134425583686,-0.39924836150057585,-0.5531592858457945,-0.363606788729919,-0.5522094553929495,-0.5556607382916374,-0.5526691903957845,-0.5548139876290732,-0.5552866161369835,-0.5523512378681535,-0.37550503565279286,-0.5530585384220715,-0.5515353931972914,-0.552695697804677
0.6858168637503744,0.12809912124404507,0.10021923385976628,0.10298358222654105,0.14046263500356823,0.12587919777787446,0.09040150155151921,0.1331626058939782,0.11751169487872992,0.08315396063514434,0.12623274222430428,0.10315298525874961,0.10150031423446487,0.10846455993712896,0.10787665449997924,0.11779569812384942,0.11194723657892436,0.1377092452490571,0.12782822175183578,0.10979878535114121,0.11648971628633623,0.11071782316083358,1.496149791912588e-07,4.97637826422837e-07,0.16199504020807923,0.09146688973127276,2.4793370353115854e-08,0.14327825938007072,0.04070829733703425,1.698914166546556e-08,0.08418659728813638,1.1347163054912347e-07,3.233051102213789e-07,0.0009863762188691374,4.521104448632333e-06,0.06046768821500093,0.020869274129272863,0.14695395330282038,0.10224793045177633,0.0004891454541637054,0.03562707820788445,0.0018753259435266086,0.0015070932558405956,0.0015291161782827853,0.0016203330301728291,0.001574286995781425,0.0017065904192631166,0.0016016668312011943,0.0015509803161863121,0.0014604042192996036,0.00173287414483724,0.001517534609149204,0.001598748393999451,0.0015246604262849207,0.003623396269286136,0.0015497422313211645,0.0016398498738299982,0.0016164062647887644,0.001580654972752934,0.001526446402255434,0.0017331027003804457,-0.5546980899886205,-0.6310813156846575,-0.6262032302977845,-0.634186997721694,-0.6340717785105842,-0.5592160411830229,-0.6326792891148525,-0.6333175157960957,-0.6308236857345887,-0.587905551652941,-0.6303160818218401,-0.6019324263305602,-0.6331985709432834,-0.3286613379917334,-0.634018090318524,-0.5997954094707828,-0.6326409436064784,-0.6339864627182078,-0.6339258339120623,-0.5781013508465142
