10,200,10,2
0.0005432667660585512,-1.3029042325813732e-05,-2.104649057811e-05,2.9339061214388855e-06,-2.053298051620163e-05,-2.420240283379987e-05,-3.54766160798887e-06,1.3849078295777557e-05,6.374451017483003e-06,1.4641397261386448e-05
-1.3029042325813732e-05,0.0005469342251188865,-2.9203061340103466e-05,1.0077559608356525e-05,3.4711112748578133e-06,-7.510035760131093e-05,6.09259040270492e-05,-3.901483671878144e-05,1.1401396831005284e-05,-2.5032121643687273e-05
-2.104649057811e-05,-2.9203061340103466e-05,0.0005024626579232371,2.2023656995018806e-05,-9.769188208109358e-06,-1.9805449247095786e-05,4.58710316035256e-05,1.623908086156274e-05,1.834243205972284e-05,1.7441422700847114e-05
2.9339061214388855e-06,1.0077559608356525e-05,2.2023656995018806e-05,0.00048113787295039906,1.2499519315354998e-05,-2.7098051629056293e-05,3.281354180220134e-05,-2.0730822529118853e-06,4.0171088613270495e-05,-2.8461455877755376e-05
-2.053298051620163e-05,3.4711112748578133e-06,-9.769188208109358e-06,1.2499519315354998e-05,0.0005019760710074109,-5.1065420040884595e-05,-6.140429939455611e-05,7.2825681781541515e-06,-1.0899988068707479e-05,1.0207638140213397e-05
-2.420240283379987e-05,-7.510035760131093e-05,-1.9805449247095786e-05,-2.7098051629056293e-05,-5.1065420040884595e-05,0.0005415983252724266,2.9989966718450554e-05,3.2982166405236924e-05,1.7575507042155682e-05,2.4783086556264265e-05
-3.54766160798887e-06,6.09259040270492e-05,4.58710316035256e-05,3.281354180220134e-05,-6.140429939455611e-05,2.9989966718450554e-05,0.0005194342243214644,-9.037637459346297e-06,2.4788894377616726e-06,-7.786835685583947e-06
1.3849078295777557e-05,-3.901483671878144e-05,1.623908086156274e-05,-2.0730822529118853e-06,7.2825681781541515e-06,3.2982166405236924e-05,-9.037637459346297e-06,0.0005166963718081228,-1.7009148834115445e-05,4.913894352436485e-05
6.374451017483003e-06,1.1401396831005284e-05,1.834243205972284e-05,4.0171088613270495e-05,-1.0899988068707479e-05,1.7575507042155682e-05,2.4788894377616726e-06,-1.7009148834115445e-05,0.0004991839812368379,5.033618220311105e-05
1.4641397261386448e-05,-2.5032121643687273e-05,1.7441422700847114e-05,-2.8461455877755376e-05,1.0207638140213397e-05,2.4783086556264265e-05,-7.786835685583947e-06,4.913894352436485e-05,5.033618220311105e-05,0.00048366300634855114
-0.3849292559532866,-0.6749630425721758,-1.0639465564142865,0.7009297296601605,1.4073012195901702,-0.6459084750883791,-0.5491348833605538,-0.9416588492711289,-0.7201853777775343,0.8997735264740891,-0.8303843907005081,-2.388150321374034,0.8005586792766003,-0.2653271872065364,1.6804740352837446,0.1494561801706513,-0.7796323864248613,0.9400630469389397,0.49090154174640077,1.0947444988737642,-0.6315450863559198,-1.7156183674333103,-1.668455817413855,1.0564668706069862,0.072095736222579,0.38081361360167626,-0.4620915365703575,-1.3645008234654408,-0.8962528703168217,-1.2433376250444732,-1.1764069398355212,0.8111463936307715,1.0437449611422778,-1.018769964473007,0.5526320335758897,-0.5183941303701254,0.40188947778491535,0.5197816463778323,-0.6149723646822676,0.0340095883588331,0.67530523887671,-0.27968308597308966,-1.1988197568165713,0.9123066671008557,-0.9800638680191278,-0.7404234916314679,0.2785455425960349,-0.734999748527549,-0.5514804150882843,0.6979661441831805,0.7108009898518448,-0.4274845563219383,-0.9655104166092126,0.5171497229332573,0.6763883311826975,0.15253070533206065,-1.9311805441072478,0.47620733310897617,-0.3267071691134954,-0.09013863524742392,-1.4647380652136903,0.4612354859134639,1.348060063965892,-1.0966370900109792,1.3598352748768026,0.5554019089929279,1.6505494130279235,1.418351063083626,-0.3888802010437665,0.5266897828718161,-0.38317655078582136,-0.15490843182017608,-2.131452175959061,0.678679187372118,-1.3310495032734517,-1.2247574403806043,1.0656875696960832,0.6666361183102799,-2.4245818318370165,1.2810336613471898,0.8484281209945831,0.4459356169782015,0.748438673797511,0.3941070300486076,1.1078308763714164,-3.0595121121637345,-0.23718350156259588,0.3859287426898211,-0.938261221847259,0.462128355979756,-0.8288145689948784,1.36655507525394,1.1394377495373187,0.682917408845642,0.7513414397923049,-0.39479073436165524,-0.0627303248593541,0.33485264187562247,1.4329859755505212,-0.4085262023290336,0.5982183199125254,-0.6985790640809894,0.373115633634432,0.17042963791347784,0.06295404222262564,1.2101851647969397,0.11530786130260402,-0.3363447377441555,0.2712530320026376,-0.7940832921199973,-0.8749883598390986,0.685391070548582,0.5730087158463785,-1.4797506236854558,-0.06817264668696338,-0.006476910334639876,0.07052824897803264,-1.4160349286224214,-1.1260878944528918,-0.5470376061170668,1.4735126712225721,-0.5023650264999096,1.2844302350745904,-1.4857307747974189,-1.8668749109258254,0.3554431891173894,0.2639054515843369,0.002703687312051656,-0.6683926409861805,-1.1824206484181645,0.9021838093766404,0.05262182527017678,-0.058039308200728085,0.35332558818732784,0.749033285396084,-0.028223060981367634,-0.4454461284678553,0.8076573183151856,-0.7984178776408138,3.4123400697909387,0.7928664855489315,0.9631074226346905,-0.1182156861022486,0.718635802655616,1.5322207779459174,0.15920367282388495,-0.32576231302621345,-0.4890410090147449,1.6798956533629894,0.8787787188177126,1.8146331956992494,-0.4055637622692737,-0.6419146175458966,-0.2909305061883463,-0.27723017535044053,-0.514122351336545,0.45285730281226494,-0.28337763304253083,2.3467756956382404,-0.9803551032104554,-0.42010502707730835,1.8895841895547654,1.2043500528920092,0.5445615098548574,-1.5056029338953252,0.06537834491142315,0.6067684807165531,0.4489082494155324,-0.9012541427064289,0.587789792128923,0.4537103944886161,1.032702433092744,-0.8081595931371014,-1.1846904203953141,-0.1833111966145692,-0.7545683764600906,-0.06975428067816562,2.037480629244787,2.1056610459976577,-0.3375082779327168,0.4654497703165353,-0.3377513431573664,0.9543409690397693,0.5029893118490348,-0.08588516954161128,0.3465576871314489,-1.3384461595235921,1.8032866849635176,0.025865281550058485,-1.2415705313295973,0.7173197352149195,-0.643743396390647,-0.12337551566168224,0.061590366206596775,-0.5500416499219073,-0.043329535743106065,1.905068375872313,0.22899958204063733,0.899549284783365,0.5275415865676132,0,0,0,0,0,0,0,0,0,0,0,0,0,0,0,0,0,0,0,0,0,0,0,0,0,0,0,1,0,0,0.7521289741242626,0.7110133343287673,0.7542166128906697,0.6596341069963056,0.7022176148890273,0.6634626193185371,0.6977208299004313,0.6948935358842518,0.6980507128571024,0.6893652017730438
-1.406342318792285,-1.035915598767117,1.5627344655609865,1.2199763015259657,0.13632456505296836,-0.9432450743113797,-0.7010105254528025,1.3566835019117245,-0.2531609309898924,-0.779106627297058,-0.24697657962096395,0.3863347210262196,0.9919287515107452,-2.382546898768372,1.11529880565817,0.7856161946451093,-0.9712266648867764,-1.5696805991822973,1.6824101426965579,0.2079796301632049,-0.12568608514657717,-0.5787285654284912,1.6019365660041731,-0.30630654477274577,0.3205618896327575,-1.9321272013824502,-1.7842212331025888,-0.2193407114568758,0.5221380299511773,0.14590642144419533,-0.19605153275976497,0.02540999552610275,0.10221545120213803,0.5157887343574615,-1.207564325142129,0.7619981112337258,0.35905883688017143,1.1162113237738946,-1.590492005300279,-0.421967545157556,-1.8577552772706614,0.09542144900329987,-0.21683272685792507,-0.06400452118486337,-0.8586228506732776,-0.8533728137345497,-0.01166298608839313,0.438425792152187,-0.9745965082547517,-0.7811983737335914,0.056476792623769256,-0.532176048458254,0.12865472779984702,0.1489628750796638,-0.48000128136495174,2.3233048824725433,0.5906391209588857,0.7436304413404086,1.9407016599053937,1.7117497791413108,1.6157166467964585,-1.4783036936480674,2.0677130551934844,0.5095428359390628,0.5209723079681436,0.6241173039915956,0.2489862083058552,1.0091072164349808,0.2487245009005319,0.18961500330735476,0.8688247830864672,1.0361833604090394,-1.0108748308223618,-0.7917851701269959,0.26984421348682275,0.526674428263483,-1.306625753025108,1.4896391348624507,-0.8210889622761093,-0.5576441884156274,0.31273847579334424,-0.7121243433604685,0.9992506638129871,0.18622784149376076,-1.3748419804909031,1.3642986969192423,-0.2612865563349141,-1.071527693168138,-0.09753418750863435,-2.342745358467174,0.20506023721930985,0.8714674890429056,-0.3801996847315205,-1.1045181041774066,-0.888763271483406,-0.03326420497301188,0.46930550793466064,1.593198310848414,0.34457527462262466,1.2147360861703325,-2.837740655771458,-0.6463066297561931,0.3505060948854534,0.8521638549481014,-0.3943337295822566,1.169755707004974,-0.03899295009413705,1.0071239150248656,0.6840036107453041,-0.057101288804820016,-0.13476409148464594,-0.7434866617300753,0.9829359865055912,-0.6317805800244091,1.0414957902578754,-0.8999629489379607,-0.538460619238535,-0.8634995859483852,-1.3051661831082595,-1.0244006237354022,0.3439481574986677,-0.48940255428726254,1.1566594802582646,0.7170634440781469,-0.9961628158929527,-1.3844681400007421,-1.4673358969991246,0.5690525428924871,-0.36480287075871115,-0.1976407353656821,-0.4779556625481962,0.7310036281047687,-1.4770809783803809,0.39520945100811006,0.6150340947050569,-0.4747478073420615,-0.3495958051451287,1.5243088476419677,1.0432255107062294,-1.1416186238298707,-0.7946167196497087,0.7038985756892515,-0.8337724900502473,-2.272558030751359,-0.792009896520466,2.0326748292708716,-0.8510867464502252,-0.5772476555918484,-1.9906090669900192,-0.059935531238501955,-0.627920607680291,1.8111383004818422,0.9283575062263455,-0.3247835223068891,0.40403581053992366,-0.49329862728810064,-0.24083494578482853,-2.603879198563541,-0.8788718964698207,-1.062278985819979,-1.6481732822710957,2.084025777224329,-0.14991442320594095,0.814016256929555,1.4005113247199228,0.581337458341049,-0.23622240659158425,0.14293844605401157,0.32818272685826,-1.3966857662802634,-1.944922536797708,1.142820065413209,0.4930782941164876,0.9434274872537042,0.6387720248864838,0.6183899354490868,0.012137765802626089,-0.9831358998315247,0.136320547833386,1.7291071018164141,0.6880296152328713,-0.06409800521493125,0.06490202509540073,0.0190672410500121,-0.28314052058980055,2.7696274871025883,0.9834839938682518,-0.1964891909190367,0.3998904400310211,0.15978424341230232,0.9454281523562864,-1.1288001909788135,-1.1026448688114263,-1.197603508539704,0.018877569322560465,-1.9915467658516108,-1.1636289363477517,-2.175767607425047,-1.606164023490574,0.27395223673636476,0,0,0,0,0,0,0,0,0,0,0,0,0,0,0,0,0,0,0,0,0,0,0,0,0,0,0,0,1,0,0.7380175545078643,0.6844066190382248,0.734157047470508,0.7275818041437043,0.7110362070963243,0.6669804147176096,0.6543620953369311,0.6713509406205894,0.729023890531997,0.7236956008168229
-0.5054293858786237,-0.06735079145380893,-0.0010582739923229649,-0.4613342587142197,-0.691406513724652,0.8514897316117122,0.5031166090926006,0.5511270952867862,2.2618027096554254,1.433171273643412,0.9542174316611979,0.7192772787001771,1.779744553051512,0.7323740197809482,-0.31162733164245915,1.6706310450007795,-0.28772065634838256,0.5897632409821472,1.4759819893071247,-1.322835646708785,0.4601342509108482,0.3115338267537758,-1.1759797668408958,0.6049526843627878,-1.2337806286982789,-1.2425258571302515,-0.4402664868409735,-0.21026789230643134,0.35877083812250016,0.49160802190456493,0.914476254970255,0.29893113105320707,0.6540719546038457,-0.40096518151028987,1.1950994542757158,-0.7637730670974571,0.03989931752327536,-0.006622978739204654,-0.2186404707960084,0.495349962767769,0.609267105769141,-0.4907288133917449,0.6742991087110538,-0.26338463925023026,-0.7911040945041061,-0.24802504452145815,-0.21221730873857664,1.4799029881963612,1.7422775273784468,1.0005935757471802,-0.97688390558631,0.42338031797745423,-0.015396299729557222,0.16376246473356948,-0.26569486750523513,0.8116908616691368,0.2316325270677614,-1.0128633873437092,0.9683176452612526,0.4800117721557324,-0.6477969015015508,0.4024479857120058,-0.41143963671114253,-0.8563257145150827,-1.4012182940315647,-0.5088299407331296,-0.3273269231637689,1.2881522376099819,1.8055675078962188,0.9052276862104057,-0.026157342363690113,1.0041272883908647,-0.933406908528477,-0.31712671124820696,-0.1268862603556813,1.5043031076562847,-1.093801294002794,-1.8261436659421748,0.11777394713289545,0.771994494141918,0.9992586474647546,1.5459052459974298,1.3431043205978108,1.567028918854639,0.6149112138543349,-0.6849767623655836,-0.8789020795747404,0.28092668428907047,-0.37528456048154263,-0.22102726284570517,-0.43806205348422916,1.5083922749732352,-2.4327042482026977,-0.16939595454958883,-1.2448082257225233,0.32771477496603835,-0.1783815160475971,0.3163649041773792,-0.7932154312013858,0.35082361652811966,0.06797284311929512,0.284520417582605,-0.4397859281325119,-1.0584488680831918,0.09909322170330938,0.162448378638287,-0.48661063235006147,-0.3309706277597285,0.9920245862811248,-0.1520153890820879,0.9515731086771129,0.43431525721904896,0.7244873138161106,-2.110097919783095,1.4303947981725063,-0.5859216208577603,0.018056158935333,-0.6712856726515387,0.06268992875159561,0.23511596812364258,1.409614593355691,-0.4225681424369728,-0.3150848825628061,1.610743315298883,2.236190104252751,-0.922599845435758,0.9203842342454787,0.07528394376793186,0.5409574740827606,0.0597094458539264,-0.6164647204507474,0.8014541013378215,-0.9712830455078177,0.5573402977285767,-2.231786354521641,1.5214034988615504,1.7032592974920429,-0.7800613258416519,1.5519712596860087,0.9420322836775721,-0.13392161223606983,-0.06959266201917655,-0.14370920028765927,-0.2812810908955084,-0.24715300886457345,-0.5468735982110363,-0.3079798001532091,-1.5815186423798735,-0.41346756098579207,-0.19884475585467182,1.4246186352543728,-1.0580647012864373,-0.5703321412978823,-1.0515577451666343,-0.32863843036366464,0.24420029263166965,-0.9059645101350658,-0.1556898944378228,2.002087211378578,0.20323567753305685,-1.1552725824224133,0.7459142280601516,-0.21214985966420394,0.7496127667831508,-0.2969703979418189,1.420012013628742,-0.43627847300376643,1.9529356164671365,0.8609766781286435,-1.7595301725050079,-2.5155229339785414,0.05410714424368458,1.0444085653746613,0.5001071351043915,0.17853892523412743,0.22672239547746798,0.5011617895353948,-0.8438939814495764,-1.0811316667683393,1.3377918383384975,-1.2194157821343314,-0.6897944351621591,-0.9798040872982278,1.6988676743555298,1.5365417965196593,-0.1451026956381426,0.8902161089401389,0.4448073472622615,-0.4199074813701676,-0.37467712900108496,0.44731778061354327,-1.452942601471511,-0.9877482626115339,-0.6671467375716165,0.18449883924242005,1.538940230962533,1.040802738822236,-0.5218035788494442,-1.0839485911748588,-0.6237907324529601,0,0,0,0,0,0,0,0,0,0,0,0,0,0,0,0,0,0,0,0,0,0,0,0,0,0,0,1,0,0,0.7213010934815859,0.733913339510454,0.6952300153329015,0.6835692911973399,0.7028948468794869,0.694429151337727,0.6815597673758579,0.7343433343172374,0.6924066976861919,0.6730134324574853
-0.3787471481668101,0.5203286389950367,1.3381163243249554,0.20316858766030335,0.5691164633361847,-1.3642461051507937,0.5339273197324179,1.347311858068036,-0.3325043505097615,1.7586094251493225,-0.6670066623875782,-0.41172264135840525,-1.2571744335407904,1.4514453116655732,-1.047962872050694,0.47093864878756303,-1.9385251189324415,-0.3321465267774299,0.33263740184092244,0.05296721475092059,-1.1787439106129036,0.23416777448277065,-0.22689094720962985,0.6248141720433447,1.0160391956278343,0.46808777174582944,-1.6871636842261237,0.5330589295018555,-0.7013057523051972,1.0330245745619924,-1.120784157037529,1.5571344126248403,-0.14001063030129307,0.44701445853319777,2.0731065528769657,-0.09328558473363187,2.718349768568867,0.9870840072493299,0.8092736509393476,-1.1878731327524559,-0.4342522271271683,0.2942085146854602,0.013821561085322535,-1.3189509926057594,-0.4623815689735775,0.45018486817697445,0.6866499552088317,0.5161212304397871,0.03257329606487955,-1.3805456006184902,0.13614285460685027,-0.8826252264177257,1.207205936867687,-1.972572672602409,-0.5520405300812212,-2.3770091612511424,1.620463884812061,-1.399360162527524,0.8714421184645654,0.42441872308912965,-3.1878953137355683,0.4130082926545216,-0.2635142128450817,0.9000662859328173,-0.21824004753928927,-1.5623633663816254,-1.3101167187015688,-0.4404685745197486,0.777059746959132,-0.3315780002454561,1.618944301936461,0.3194954423331221,0.14650314436441889,-1.2379636796072124,-1.0977795188387813,-1.8443538361459901,0.8846877934525956,-0.5457457206203485,-0.23502396059960415,-0.48747930555147756,0.5003556577848396,0.5771752174168747,-1.5279640143738953,0.08978063547638424,0.3241067203924235,-0.08869804044866254,1.282688768606894,0.9995234220762167,-0.17381026272911732,-1.7901331031197574,1.8082307133314508,-0.9898589061268135,-1.4443287200267474,-0.56214390732594,-0.1339474509224993,2.1171626308517424,0.36046487630774704,-0.6694259727721413,0.12500731107233576,-0.8493826359611126,-0.778088020535223,-0.3675825284567912,0.012765120466302293,-0.29228528307531576,-1.787325309786967,0.6539661565540933,0.7267295505110918,0.29857812744071105,0.2595744505921861,-0.8932348839660587,-0.39850850446160774,-1.1458936774248845,1.575324142631888,-0.4590985650671411,-0.9520980718303578,-0.602227087128323,0.31281071575921254,-0.6907897611498124,0.46559606738813014,0.01652039966435647,0.7121542975028373,-1.1300085816660095,-0.8487676108381408,-0.2937274200031576,0.3526991326339152,-0.9085587599558318,-1.023944801987722,-0.618047236966643,0.05126612734058671,0.35104897613783587,-0.8874315368206539,0.6264547914286782,1.2350265135662843,-0.4533249078452634,-0.9901774506340619,0.20209240477873297,1.6847411335566655,0.18476387196817187,1.5144984350722814,-0.27300705193853636,-1.3976717407588461,-2.82416716218681,-0.3698085161314104,1.6483685998641178,-0.23339570021198994,0.20084810647066645,-0.6431608406767332,0.6636674069364195,-1.4252247246153265,0.406472133802764,0.7053825150694636,0.05325845004036207,0.580662849562111,-0.5960527100884437,-1.1310567082131184,0.3047718975498072,-0.22055335539416973,0.0917694403388517,-1.0706735868805841,1.017278717528901,0.3784460096783674,-1.1247476811969062,0.30255165456073263,1.5845674661212668,-0.8935022887818946,-0.23197011313541838,0.8296203069986899,-0.4814306275680553,2.0450276557636933,2.0974711287013776,0.44260579541802564,0.9906377319878775,-0.048654296218734974,0.23531552658565194,-0.7926209913858832,0.021852881301816902,-0.6243650993230019,-0.5104579120260544,-0.2778676407825691,-1.5188194580342498,0.744673838673436,-1.5236517198888537,0.17369617950356245,-0.9920484094611656,-1.0533732758667598,0.13019019371831558,0.9654065475097405,-1.749094920302551,2.5009108756526253,-1.147143223873178,1.4986191000542857,-0.3079930171098584,-0.47675317638626524,1.4980091634532016,-2.1645410491124055,0.4454863491618329,1.4886905912966388,0.4483435779690887,-1.1878923112867839,-0.20056050126930822,0,0,0,0,0,0,0,0,0,0,0,0,0,0,0,0,0,0,0,0,0,0,0,0,0,1,0,0,0,0,0.7257749275106072,0.7110581396975666,0.6734194498655885,0.6627981399599188,0.698136461755095,0.7353742563149976,0.6572763132031416,0.7488136233621799,0.7152609192496979,0.696559557264198
-1.804558871503541,-1.3042366880263205,-0.22289000729198294,0.3774880257964092,1.037980596453891,-0.7335965998469756,-0.546129618815813,1.804625700704091,-0.45758950331573134,-0.9455549991893698,0.36451643770089037,0.6349499232251486,-0.039897458499005986,-0.19824538757703702,0.7888034390404748,0.7686031330846393,0.22771691986779405,-0.7511299291636739,1.3594844651344287,-2.200366289600691,-0.40028779015564614,-0.1388990171010995,0.4029753492157196,1.4907793023071032,1.4765388181769015,-0.023422067289718268,1.1947417374765905,-1.0466267642876723,1.2312017603451062,-0.47466736547255345,0.32760198926994616,-0.24619575928047563,-0.4797206341196435,2.1769296862428074,0.23842554677796945,-0.9846621189821569,-0.2786537890642593,-0.6761382647305683,1.0094987955454495,0.921230080137426,1.0151570553109028,2.606189671998873,-1.3897023639009953,-1.6233774474764617,1.0804650087831098,0.46045084031744393,0.4751773998487638,-0.22975305643108845,0.8783444290058271,1.7037336609969866,0.7669415775482942,0.5579288438725126,0.12927680893910728,-0.4789049729095196,0.6093522531983818,1.8506441885306906,-0.4670599620555622,0.3617460841821111,-0.07992379341887672,0.7899937476067215,-0.4700034637675123,0.059592300535283145,-1.1533506625081447,-0.10870587998483323,0.46628768794813985,0.6922094678809303,-3.088414826392556,0.47575702527015845,1.1197433279458169,-1.734993604795791,-0.4947817956081199,-0.8216565365424293,-0.05556489413243848,-1.230709378263412,-1.1932466292990551,0.7534309931486389,-0.3504451476334559,-0.7372027923112358,-0.9686498609500442,-0.35352925511383354,-0.3178600763508504,-1.0153259238684444,-0.20135440467919152,0.24031892742304403,0.2504706926410206,0.8956627563635818,-0.9283619916806496,-0.6217126765392856,-0.3929203941761832,-0.6644608808371738,0.8176048277566184,1.269605305640978,0.8339659320316581,0.05285652081392909,-1.1170330135211264,-0.3078400344646905,0.1182778711098068,0.17451746244727256,-0.20181760668634854,0.27505609080988747,0.8538567990341082,0.49334155022256876,-0.7330095756951679,-0.43937898282381166,1.7028748519043722,0.24608760671002908,0.12356705633923039,0.06570984955757807,2.0489184196997505,0.5689700625578922,0.6617949175003068,-0.95431816739225,1.3736451890659689,-0.7063383263071037,-0.4501036561934028,-2.1837222367618976,-0.4601030013151953,-0.21046066601149002,-0.36457600037585125,-0.02045229919077524,-1.4053574555927708,0.30916769926358867,1.4717178244980145,0.35346217477067116,1.1102167591001493,0.03213472612459536,0.47419401923670557,0.9113687751722882,-0.22136408670201946,0.09500657543509108,0.636301552529853,-1.1484962202192148,1.1782530383544474,0.9393679851010993,-0.09535483628153096,-0.27661284627356464,1.2310701773524992,1.3280326520027168,0.4721277957945993,0.006995588164763595,0.035784791992346944,-0.9242776284580428,0.8446032074982187,0.787114513711075,-1.2310935528735358,-1.4720888937010987,1.095149447107949,1.1373690670237757,1.751389499817609,-0.14579602350380594,-0.6413202468693887,0.821662442687475,-1.5265346441707663,0.3181856023860493,-1.1279197740266005,0.18877331284822774,0.8421886927037033,0.3662028177000111,0.604124541333667,1.76644482812187,-0.27171125432876275,0.44456049238178136,-1.5833319951991813,0.9992145762899002,-0.3782347061096461,0.44341853339582676,1.047628797776243,2.1940408663456616,0.5752179053577087,-0.26314714409445344,1.871772615764004,0.8509778510236122,-0.2798639840437784,-0.38811949734384615,0.8444061636374125,-1.3681286265374764,-0.06923458299740703,0.9123630072450335,-0.11363951838096228,-1.3897084793942884,1.4980562272788167,0.38791293602966365,1.173460536750663,0.06647399365950708,-1.814577877150445,-0.15850508448602052,0.9847635334977518,-1.1702378898293333,-1.1679794307787448,-0.10695585972355065,0.591903667861741,-0.8778583373312735,0.9867199122011515,0.533136225982789,-0.34142954437075523,0.5672656182451232,-1.4086141054602288,0.3345127618857997,0.1250067523339555,-0.7660418789827232,0,0,0,0,0,0,0,0,0,0,0,0,0,0,0,0,0,0,0,0,0,0,0,0,0,0,0,1,0,0,0.6755025684498287,0.7067721959656362,0.6904873424208644,0.7076815136930844,0.7166236177258282,0.7144356645056503,0.6740827092369831,0.7263097274183473,0.7095051044857383,0.6835607170162633
2.7076042533983533,0.88720633607285,-0.8664461572808694,2.2860677117339026,0.24607052008611496,-0.23184718792839074,-0.04775532580752725,-0.5416268477849449,-0.9876933467341592,2.124641125666059,-0.3156864124561071,0.2104084416557854,1.767412333609536,-0.34229130625490284,-0.33418992747749393,0.050406704016179485,-0.03179172774067757,0.23444822885698927,0.04947758184524618,-0.6856301335409895,-0.6335030620840282,-0.2468850197475118,1.958343695457294,0.32423573169154446,-0.008864592655838813,1.0936662404763848,-1.2199049328231644,-1.3242264161405708,2.7463449155231445,1.1135927390591835,0.7537374125347668,1.6628902450961773,-0.8501837391883457,-1.161551495368604,0.705553742488379,-0.3156117574976771,-0.004055069719306247,0.08234991092960915,-0.7217130650961217,-0.05881505868847418,0.6268667053714759,0.15949583380750845,1.7764107574068078,-1.7810376735855826,-0.10006490101038769,0.19969553103541193,1.2163422906175576,2.1143185566835836,1.2850050901635315,-1.2519166790007574,0.25606602514925764,0.6763571546971335,0.33199620554130044,-0.19908655227181388,-2.3212109560475027,-0.8092414859137096,-0.8526729310176624,0.008998126026945144,-1.6610885865658362,2.6829720934869448,-0.5291289720586045,0.15205697529508438,0.8247634248822471,0.07441943715593712,-0.03456103757848695,1.8205794518426244,-0.21323632967382386,-1.6681338101868384,0.3522936474238441,-0.9054282006708337,1.7544642918633384,0.1117962884976941,-1.908858336626301,-0.07446077379472088,0.324249304008338,-1.188542817638101,-0.4596812181471596,-0.5904603270999366,-0.22762972547448726,-0.5604413133267828,-0.17958113158139025,-0.8757864568388444,0.4323363692498488,-0.00899174529475802,-0.3639626604294716,1.954859771497459,-1.4983588118613884,0.009966556144013603,0.18359638404753162,-0.2229940113298349,-1.4210958021282833,-1.0611537206900767,-1.0912548761268548,1.52529247137034,-1.0366548881228026,-1.473857634074102,-0.20995001945302535,-1.3363173925938652,-0.4116052726300611,-0.4066123584837008,0.6883022261873506,0.0676183290388315,-0.35696768811613,-0.0025309665087277695,0.7547690762859675,0.7201766979899494,-0.39457650119049875,0.4311854424516719,1.87640868686477,-0.008148632023411411,0.8361384067076043,0.8949530919460735,-0.5158644186427176,-1.0109744027068372,1.0461372841393954,-0.44947719003925574,0.4165967802660319,0.90661783127544,-0.45993514095996596,0.3459589602072659,0.13805583859123563,0.6637105524034794,0.8948860611406625,-0.439326070149238,-0.15654954319351475,-0.2923501906408936,-1.024129993566359,-0.030580273303294086,-0.038589805592926435,0.15820813418698715,0.24262133309704575,-0.15420244571320188,0.3715872826210631,0.0877930258690306,-1.2487104652013359,0.7261496145330089,1.296740396083431,0.06961254290469038,0.7213398387955611,0.9545946106062744,0.12603579791440764,-0.607257592879045,0.10084603304287872,1.4678845305727735,1.9219213534513666,-1.1004191925705176,0.18302051464042257,0.645275456852836,0.8886245388087838,-0.02046262466946418,0.8152819762003433,-1.6213009023712657,-1.9185789873885737,0.064937134563998,1.3754762557678295,-0.443634755201483,1.914523186303167,-1.8267173791378626,-1.350067245489081,-1.918194881187254,0.22408206733311128,0.32778178601358476,-0.5902701293565764,-1.5020273299610565,0.6011662479676271,-0.06639140071247641,0.18178895500392628,1.5779215114439107,-2.0341783953223116,-0.22274924204499777,-0.13735999370099217,-0.323969479023606,-1.9389631279032518,-0.6724292188884081,-1.0075908105030273,-0.3482253443795024,0.5247064372625746,-1.231265010274502,0.07933684292876492,-0.8299104686241059,-1.1193682236593763,-0.5329584111453014,-0.6307259897277065,-0.5812176883931613,1.4361648929414415,-0.2653930090923516,-0.9694598143180968,0.5237468560200421,-0.38298348341538885,0.6162647993071405,-0.14591634780525745,1.40853068556883,-1.1249249103329997,-1.2275664015543237,-0.7822258297745023,-1.111813967615171,0.7213707996250355,-1.7865951643006597,1.2212805927323984,1.3690830852328018,0,0,0,0,0,0,0,0,0,0,0,0,0,0,0,0,0,0,0,0,0,1,0,0,0,0,0,0,0,0,0.7779984071086506,0.7083402010184461,0.7261053953038971,0.7193368107653405,0.7043201391227534,0.7018130436455055,0.6533701899883264,0.6617652842582236,0.7010477009887621,0.6895985382370857
-0.9617634983045898,-2.038238003517389,-0.8402366704187227,-0.8900903399027774,-0.10927853294640451,0.6476796870438308,-1.6555070400055165,0.41992024139985695,-1.5012998087319835,-0.5154999289430675,-0.8888956853826865,0.11539421586121419,0.519383555202771,-0.44322545843722166,0.05288275572590127,1.0230346601998597,-0.9175075634460281,0.4965655529879555,-0.3632436840885783,-1.0383504003473065,0.7901577610138535,-0.09139522439564086,-1.5330095834770108,-0.4638890804674511,0.32984653692416976,-1.5364110993275237,-0.28506272760068746,-0.8829249466435615,-0.7944326605393265,0.5379005048095947,-0.3602785322558819,0.19409350341692153,1.781146021005173,-0.2885635784228781,-1.1524686182831774,-2.931203871477318,1.3454176854146231,-1.423593716444476,-0.06393100934279349,1.4474079051745996,0.29498507137161384,0.5648927579254212,0.5684756895808052,0.13271072258955557,2.1898343567410934,1.1134609293416473,-0.8573661526283145,-0.6269525021573628,-1.165708619884662,-0.5633446199923443,-0.011946448542644693,0.3874011858954437,-1.0186639196943639,0.6456497773061395,-0.2416813772758177,0.5121040601865394,1.0203211127457745,0.5837747014378881,1.0973014654927369,0.2567445179032884,-0.6046680957697669,-1.866440563156738,0.704464438713169,-1.3138866400756457,-0.10427564454353974,-0.16383147295488917,0.555110430848868,-2.025420606108894,0.2238570841366671,-0.8996282909310679,-0.03737619650569635,0.5041137896381178,-0.4898604170242403,-0.203638612043219,-0.14404576912425884,1.1259296201839304,-0.21294189229286822,0.11963019334569784,1.0353434728697135,-0.07661132495918485,1.3013939827067937,0.09901357109571485,-0.5673545825637445,-1.0134729764582588,1.0240159157569981,0.027847743621057984,-0.13641766317355566,-0.31632554296085147,0.01082872463678047,0.5140028713865615,-1.222570844815427,-1.0408541259998458,0.7871411487973398,-0.45771790474361357,0.8843916871876053,0.5706546224338024,-0.19297663112317182,-0.20435423136547134,0.31624767943277826,-0.6701023863436576,1.3438054006823812,1.369988828711066,0.8646928612854756,0.9500765687921978,1.1302498057378698,1.5151997011054579,0.34013582594718345,0.12456064782132291,-0.039619932116877886,-0.5515391667239585,-0.7481026876513405,1.0526862645867452,-0.6047137249217024,-0.14219386025889003,-1.1727298692088224,-0.9272825954490236,1.005046100274813,-1.7162748924579365,1.8704966635427012,-2.119111014885275,0.10442979839358342,0.931678415254046,-0.6218168274025032,0.23795830825622205,1.4227199126820256,-0.6199018809449011,0.22233253150513638,0.635093044424208,0.8501540653132683,-0.6142259677957796,0.9857841836610755,1.27915074112382,-1.67355663769521,-1.9061034440935163,0.20141020543520527,-0.7217323170053596,0.03938512716122099,0.6861797972459257,-0.904547539718889,1.7049888716962855,-0.8045200842187028,-1.0327280575546345,-0.5307540675429051,-1.452292805537352,-1.500774089386391,-1.0750249465204278,-0.39394556739403724,-0.053356888136884065,-1.683905729125784,-0.6595898461902018,0.10568625161393372,0.7776103401907969,-0.8871099341726737,-0.22653619658854712,-0.4597016423475293,0.13368024750970267,-1.632914504843951,0.28210613381316424,1.0583132306707113,1.2565129400944919,0.8246593996172532,0.3258534826634601,-0.29109585638156277,0.17732151356420775,-0.3638091388020064,-1.0401534209529602,-1.3438216484827576,0.7326058264147344,2.107154790974196,-0.1029773219821782,0.8340090164317976,0.29081413465572364,0.10501694500679404,1.3195795330711004,1.3350319925731875,1.0958374003878204,0.4871688669106336,-0.49316018532339884,0.31322571088786993,-1.9660674863873755,0.8872378636197266,-0.11349973759798375,2.4566311173628392,0.42338484688444256,-1.0681227423596404,-0.31587190974145357,-0.6976595342370462,0.3318641605681912,1.1550310399773425,-0.6785401717976,-2.3897803656704024,0.08198568835941379,1.3563838160063653,-0.9094855939420176,0.6272732497324165,-0.5615266323300415,-1.5106430444683208,-0.8668213495663037,-0.7517346420275167,0.1599001699010984,0,0,0,0,0,0,0,0,0,0,0,0,0,0,0,0,0,0,0,0,0,0,0,0,0,0,0,1,0,0,0.6838509939129934,0.7377671183425688,0.683490345396733,0.7062244408781483,0.7147424606422564,0.7051792383762181,0.6563139178219538,0.7225490320598773,0.7209795374201025,0.6953286137049606
-0.35012817732178714,0.1795642682363875,-2.0880233588936927,-0.09787029841208049,0.5699696430652522,0.8861273713211834,1.0405129342298585,-0.8853112419073019,0.43929262155340076,1.535524654237882,1.3196064805659637,0.3017892748920194,0.8950453908471153,-2.054873747248348,-0.5634623398186369,-0.7899433113995846,-0.9913727952724128,0.12148914734919561,1.3472187851758137,-1.5056303414063752,0.2228854854144798,1.6499843725516428,-0.6209915603911534,-1.4842246675939184,-0.16912180292791126,0.5885336704642475,-0.6641970292361424,0.9697240010847523,0.4914115265154358,0.062446901241487655,1.2421589905905748,0.7327534340174252,-1.0738615565435137,-2.374987116486176,-0.9508116053195309,-2.2449953228483754,-0.40375107708129776,-0.9460895662128703,-0.90818551232081,0.32981679707410877,-0.84935211367248,-1.0651906504926851,-1.1956313399415817,-1.607178217081926,0.20015652206216308,0.10396001754515918,-1.300184623002482,-0.33409761977377683,-1.3639677261301553,0.4500700950766826,0.9947702288775289,-1.0778277108950844,-1.7443372360616543,0.959296362575324,0.4897106587654452,0.6912293299529555,1.180229542697683,-1.266826373365841,-0.5068375753971792,0.23972197678018564,-0.7183028227492424,0.5004523462712713,0.975340204890953,1.1040073987793804,0.5298429508776865,0.14515992859510177,-0.6884533308464528,-1.7416459955977144,0.1603875373784167,-0.033401534320631525,-0.5041573891618883,-0.38943754759429555,1.5561449544154375,-0.5824518949310552,0.5918640693144332,-0.09189374528818584,-0.023930373697798192,-0.6731925429573499,1.4478023605692938,-1.1868712965408874,-0.4471251717159883,0.5547140065578411,0.7334390737752864,-0.5145774388028911,-0.37486245330338464,-0.07714737979094785,-0.45518414853985956,1.5624788910189367,0.059336785441286184,2.1269817409556055,0.05467674500214515,-0.5810458317444858,-0.002444199934987939,-1.8075645423212057,-0.05474134064589308,-0.1865367731809471,-0.6741594896391988,0.7958722791428271,-0.3773113632205886,0.02164228637547859,1.7824562766185927,-0.5926526977321236,0.8199500638972976,0.4305558861879965,0.3196295816898151,0.4206120230521566,-0.4385626201340518,1.496184925371876,0.1708504307767714,0.20310210764504588,0.7399220169643802,0.6796291839093551,0.11155613042305261,-0.31573709323343857,-1.8371564498974928,1.5882760608778412,-0.08143479210865884,-0.129490175106104,0.06420581823079932,0.46661306654212076,0.9404700045083385,-0.20198884729037306,0.6614529765061211,-0.9281364006928767,-0.8473495811481538,0.992662081105252,-0.6353672455364606,-0.3471013026930653,-0.45361472309753814,-0.4512929942500546,-0.7688011097709594,0.4160286298302242,-1.8144770867450275,-0.7950118909452045,-1.2745475709343987,-0.8987085239347706,-1.1982527875416225,1.7378073542809895,1.899545043860314,2.726847389830715,0.782899260840857,0.3594956155553635,-0.6790251766995168,1.882390119139204,-0.13292353633776796,0.5879242520267455,-1.16215593873369,1.0179488608745526,1.588573087426783,1.2410186377875099,0.13068270482334052,2.047932802173497,0.759174873851819,0.6882362547396855,-0.3140073024668691,-0.6892092893761297,0.10793737210217813,-1.578472945760783,-0.9670339944807506,-0.2108921928519394,-0.2990730108563719,0.3598158932341649,0.7217252891361357,0.5658679055646368,-1.2502576352161836,-0.8017146283736005,-0.007191862314058596,0.13420556347387994,0.10466036040184458,0.19118469032957464,-0.05547488418832008,-1.1163115808349802,-0.28835082439200366,0.9958392890318601,1.2537492071428955,1.5278266652782655,0.5660903880555835,0.9208166487271228,-0.24028666563883191,-2.088918994453863,0.27956817175018195,-2.151575472178515,-1.5505587222171928,0.5350778580649607,0.2329688119832847,0.1191193261706584,0.6387756319961146,0.0037380360887372542,0.20284694100481546,0.45292558668863925,0.45152030360573686,0.38581149900366135,0.6227086669548614,0.2954139984688966,-0.5497108270193662,-2.1486035978815186,0.0020987117433617277,-0.41227645587284434,0.6618704433582535,1.0437195937338106,0,0,0,0,0,0,0,0,0,0,0,0,0,0,0,0,0,0,0,0,0,0,1,0,0,0,0,0,0,0,0.7083003583749116,0.6904934185416352,0.7375998706185178,0.6494486173400607,0.6809258117772474,0.6810926256118232,0.6591084888258978,0.7474554558596007,0.7308399863564587,0.7576729429492481
-0.2328479690698542,-1.1997240159592244,1.2707522141989027,0.39132277781306896,-0.2095207237541487,-1.4486975287463553,-0.7455303109085253,-0.5064980636978538,-0.4278524294192465,1.1384619777742473,-0.4046852062721754,-1.9995766728823037,-0.9496009969625886,0.5100137911138823,1.8289923201129228,0.9198584932332124,0.35117840101708575,0.13709834594625223,0.490404702510275,-2.105752955639606,0.8129785032735987,-1.4251100322452637,-2.150277596171638,-0.1282685542895294,-0.3871469203949252,-0.08724661488826309,1.490698917898314,1.1090952735509485,-0.7753371097034805,-0.24112122390764268,0.6005202729028917,-0.3142827026644642,-1.694850698855868,-0.31601207917712637,0.5335089307755555,0.6189248843552164,-1.3822155399187923,-1.5486181354837658,-0.49817282719491857,1.3869880760672972,-0.760694837356618,-2.2483402993840724,-1.58380494047386,0.7450472137167913,0.23014958508934938,-0.8730515997440444,0.05339359586583108,-0.682483347854582,0.6921547999205768,1.841566926511643,-0.25594233401347666,1.02120511147509,-0.7119826876152524,-0.7756815270431954,-1.885191590149824,-0.42496840599125274,-0.30125099923245535,0.8310623177826403,0.9898779032734103,-0.5265616208246432,-0.5823299052203516,0.044493126479252326,1.337821687538558,1.057009216910499,-0.67163143258635,1.666065066953301,-0.28911166664319815,-1.2202109895667046,-0.17324284093752607,-1.3871163335715702,-0.31535316641013084,-0.31836234160373417,0.6311567101753357,-0.2917603110881472,-1.1338948158675597,2.1629566771817017,1.9957041670830014,-0.8294457711618549,-0.45134007204321513,-0.13923538263893356,0.14948000053561486,-0.4852462164576827,-0.44509488578589607,1.977434455441413,1.1271751362309856,0.8220295578872955,1.1042368928795465,0.051841649547645585,0.38466931765410806,-0.09606927643239513,0.7023096524578523,-0.817523980003378,1.4264884704226164,0.13841107137638925,0.057800037709428924,-0.5213557112986548,0.28419161493364026,0.31389357588710504,1.1481850380069392,-0.6346507416880675,0.08869997179838608,0.9758099134251561,0.10407723853820504,-0.6902780708262276,-0.9235070368865601,1.1091411470367207,-0.05964196264132046,1.0191712687443606,0.8995167134657288,-0.09652620506551347,0.9620790590070432,-2.39311249261749,-0.23148283577080875,-0.40260153333314774,-0.012586969138245764,0.9182424922864368,-1.7588936654611438,0.6988326169065292,-0.10594360328502186,0.7551695831566342,0.3610007693401877,1.9431020108602073,1.6550998706119888,-1.3779869963069087,-0.3142767963756617,-0.06327109416488264,0.06895739786522351,-2.06285443664734,1.765377059601667,0.24982282993678184,-1.562043265454754,0.4769470760647117,0.5892139369573597,0.7815552643227848,0.02329825518691719,0.2817316247872914,1.3405100565586108,-1.8435519334295107,0.7786277789036666,0.6048445004137974,1.148277049957521,-1.8165811384566461,-0.6241559658979198,-1.5231216117880462,-0.716014574874734,0.14848081439408575,2.429781383358108,-1.5619690231660375,-0.4552571835442073,0.677059003328804,-0.6785796375564517,-0.049562233959770975,0.1226348747406132,1.186846053228861,-0.18069698668466022,-0.28408765272975484,-0.8654902623283709,-0.009965382998245972,-0.8593097103339655,-0.6995006953749625,-0.07831198674751902,-0.3207795502997761,0.13551236339851452,0.9136137456290998,-1.5508606277345092,-1.3781936628833555,-0.21542959340385537,1.4044155496239108,0.255114393182364,1.828040382106444,0.19998575021586548,0.6740549353959654,-0.36322315135430167,0.6455571234043255,0.925327206328605,-0.10967056333654043,-1.7031283080018795,0.31797020952234933,1.2519235937102453,1.975451818926412,-2.0656336242614244,0.0620933457959035,-0.4926102078902663,-0.14071079563785138,-0.47909753366102265,2.033313087588485,-1.4822548249041678,-0.3219482539371326,0.2335748713566782,0.57452866400759,-2.1281491523039713,0.8146865843351538,-0.4170986780846094,-0.8882852432529568,-0.09660961939823778,-0.14052250816957718,-0.9740865728567032,-0.3241577649208662,0.5719082351343178,0.9028369508002758,0,0,0,0,0,0,0,0,0,0,0,0,0,0,0,0,0,0,0,0,0,0,0,1,0,0,0,0,0,0,0.7301905293343853,0.6816610804354174,0.7043352390527662,0.7265529732476135,0.6967607246169957,0.6901727153707596,0.6833041575999292,0.692269128802471,0.692712943557032,0.6948604072099017
0.1056847499978311,0.3807508374521945,0.9411127252628977,0.8132130408190168,0.05409635854226434,0.1145690421477414,0.3103446519000403,0.26079739115959966,1.0330828136745247,0.08323655533142267,1.2382407334075967,-0.42197609046813395,-0.24003273987098755,0.809483605343857,0.8418211483958491,-1.3415817442224367,0.2681006402703152,0.22381359149495744,0.32820329894675393,1.8435628352361932,-0.8610951888671703,0.747853060222587,0.19305572551577402,-0.24708387012780528,0.9780930541069148,-0.16348315367270244,-0.4450427888435591,0.36634470218033605,-0.8182228917534006,0.25385015808075306,-0.384518787711438,-0.05266540993997802,1.3112113843061675,0.38528048521432534,-0.034842448578632786,-0.5769190496788962,-1.8927258280609407,-1.2572181610737783,0.17562564223277025,-1.35976599811261,1.227983539031817,0.4150111152249104,1.1166460594759589,-2.420818049669931,0.15003180208398018,-1.357207062837527,-0.556817006245705,0.5825548156864884,-0.0534319382385054,-0.819470089214283,-0.3207574972259431,0.526799567368502,-0.19933654294207515,-1.3269813952413267,0.9282776793898697,0.25180567820283667,-0.4472864830992327,0.6950181037476474,-1.9444343963888764,-0.08732875464262269,0.8543699097874234,-0.07601779442093431,-1.6020471921312942,-0.029062311432682578,0.46533914285176264,0.6944356642494209,0.7784969954808754,0.09933655514718494,0.40171877587973887,0.8303392970263183,0.17467451771727702,1.3139660442043113,0.6381988383915885,-0.8773313706797118,0.6408901553155292,0.5100115427171709,-0.23736485527525128,-1.3870339536149647,-0.25367828703165535,-0.2144815650514006,-0.6000099415075286,0.10049578724929686,0.05719362074776301,-0.17872431471323744,1.2565220912805943,-0.31896962915914984,1.1733031608487727,-0.4182812477042933,-0.6103434017924222,0.7282852660557606,-0.279595575194365,-0.25863040568573803,0.3436313850147845,0.10415788727487583,1.0128599702635324,-0.5245570342244105,-0.8307624513248898,-0.7391385181972889,0.058592616887834736,-0.28742628764446665,0.05022780849172147,-0.5093430322360003,-1.3195975504558337,-0.6871607971024891,1.2982230405094255,-1.3395608980868023,2.8207616130728836,1.1760403169872604,1.8203710629336431,1.335365380779207,-1.3930005550268711,0.848181382504937,0.739981950928611,-0.16231972924589438,0.3681210529763169,0.3390117703902369,-0.0833784912489477,-0.5917872689971378,1.8406555687012274,0.14628099144162654,-2.140993576192473,0.5299780175315113,0.7890718887456912,0.44657236521193766,1.99661244882036,0.2815631851449067,0.7279456837029418,0.8460116537555324,0.47452446078560007,0.9434010849195584,0.5986576606970136,-0.3385940515548136,-0.6330966615384823,-1.3085293597450005,-1.0624318129451962,0.30629161368297764,1.2078006865769728,1.4377818037786363,-0.28427566830502166,-0.20326916108915002,0.36598335900195145,1.9302027382540854,0.16487217698740012,-0.5535007104241969,-0.24859739956835852,-1.1694927228026406,-0.15463359484046013,-1.2814599970520055,-0.022430827876737405,1.740081126108763,0.31268186254384883,0.2596221580683838,-0.24334827956255806,-0.9626787125944415,0.19828608824351193,0.6080719654249347,0.2568751007555085,-0.5995120870556481,-0.6310278789075425,1.1568172886529746,-0.8494266611113906,1.496612040911513,-0.012462127570375663,-0.426493589382321,2.9515774342339425,-1.0787884505600989,0.4151575741790343,0.4111048289298048,-0.39686930405130405,-0.8235240817454881,-0.2532872292461759,-0.14436961945379007,1.8618968007643586,0.29092796613990235,1.314138156855046,0.32728602512219535,-0.8582630157825433,0.27199463979445154,-0.29729673808643187,-0.8135553833573506,0.3305492042821208,0.4060743773494915,-0.4358837114977223,0.23479904578815725,0.9934327936964016,0.16613066697689083,-2.204460694644477,-0.8068280076371805,0.4057160887367055,0.23235187815137223,0.7297237025280948,0.4691117310779045,-0.3599701899748253,-1.0295115030004958,0.14919441689844432,-1.2640472834434582,0.40067524553111883,-1.1591842950277715,-0.589634443766522,1.1680740047357236,0,0,0,0,0,0,0,0,0,0,0,0,0,0,0,0,0,0,0,0,0,0,0,0,0,0,1,0,0,0,0.6545617853592699,0.7335704597388997,0.7193695205315125,0.7223387623220598,0.7449544523939055,0.6784713303010288,0.693630034804921,0.7169230530568742,0.6999667295386958,0.6670083732638963
