10,200,50,2
53,4,4,5,7,6,4,4,3,7,3,3,6,7,3,4,5,6,5,4,6,5,3,7,5,7,3,4,3,6,4,7,6,6,6,4,6,6,3,6,7,3,5,6,4,5,5,3,6,4,5
54,6,7,4,4,6,7,7,4,3,7,6,5,5,5,7,5,3,6,5,7,7,3,4,4,3,3,6,4,7,5,4,6,6,3,7,6,7,3,4,4,4,4,5,3,5,3,3,5,5,6
53,5,3,7,6,6,4,7,7,3,4,5,5,3,7,7,5,5,4,6,4,6,4,5,5,6,3,4,3,7,3,6,7,5,3,3,5,3,6,5,5,7,6,6,7,3,3,3,4,3,4
58,7,6,5,4,5,7,7,6,7,7,6,6,4,4,7,5,5,7,7,6,4,7,6,6,6,4,6,7,7,4,6,5,6,4,4,4,6,3,6,5,6,3,4,5,7,6,3,7,3,3
53,4,6,5,4,4,4,4,6,5,5,3,5,5,7,5,6,3,7,7,7,5,7,3,3,5,5,6,4,4,4,4,5,3,4,6,7,5,3,3,6,7,3,4,6,4,3,6,4,3,7
54,7,7,5,7,6,5,3,5,3,7,7,5,4,6,3,7,3,5,4,3,3,6,6,5,4,5,6,3,4,6,5,3,3,6,4,6,4,3,5,4,6,6,6,4,7,3,4,5,6,7
54,5,5,3,7,5,4,4,4,4,7,5,3,4,4,4,6,4,3,6,7,4,5,5,5,3,7,5,7,7,4,5,4,7,3,5,3,7,4,3,5,7,7,5,6,7,4,5,5,3,5
54,6,4,6,4,6,6,7,5,5,3,4,4,3,5,4,7,7,4,6,7,6,7,7,4,3,6,4,3,6,3,4,5,4,5,7,3,6,3,6,4,5,6,4,3,7,4,3,6,6,5
57,5,6,7,5,7,5,3,5,5,5,3,4,7,4,4,5,5,7,5,5,3,4,5,7,5,7,6,6,7,3,4,6,5,3,6,4,5,4,7,6,6,6,7,6,5,7,3,5,6,6
51,4,4,3,5,3,5,6,4,6,4,7,3,4,5,3,5,3,3,6,3,5,7,4,3,3,4,6,3,6,7,7,5,4,4,5,5,4,7,4,4,5,4,3,6,3,5,5,7,7,7
-0.8659625166539329,-0.05550751187119578,0.3269453398266055,0.6940490451259161,1.1910408586447652,2.0644547334139847,1.5186201020281949,-0.39208707206817833,0.2858566908312551,1.9145655990758623,0.5634756966121346,0.050417472945884945,-0.5602775665620309,0.9145356025461114,-1.0069919865309669,-2.0959618536813203,2.8705956306230016,-0.5826735903189934,-1.8730367780668442,0.6327065877565989,-0.617088688210748,-0.3433738879537743,0.1524479304636559,0.35559776360144746,0.2748672907139132,-1.4568834545015061,0.3335247246470395,0.38878768494170324,-0.4569798912541999,-0.20967986315467319,-0.8695112628561913,-3.300121055192807,-3.2930676865228827,0.9254708561237212,-1.492251133738935,-2.3954320252169694,-0.8541760444712945,-0.19997316261509426,-1.6809872661851222,-0.024968551036062818,0.6473933370801365,-1.0324268913494012,-1.1749129142185637,-0.8880530033188697,0.903191621532797,0.4116182473947303,-0.8976609183038797,0.8493081687272472,-1.4834337316230093,0.056314236416001126,-1.982194909690326,-0.20780855350155755,-0.713417154247294,-0.9637347264744196,-0.42482701008660767,1.1748079651096968,-1.055495860665051,-0.6022826126810467,-1.5552311386032276,0.29824799372057387,-0.2629818560114295,-1.1874230202693397,1.431495801981973,1.921677337849468,0.5917825588280112,1.336118198663416,1.917450965258424,0.5778864388218523,0.5794770426794433,0.07305567493956913,2.7182820165553445,-1.0372705279877816,-0.8373035383495849,0.11342833321239906,0.18948629840806527,-2.860821069518697,1.0634657286903517,-0.011395438934305474,-1.2498238661292562,0.5411223061489883,-1.6091526738412993,-1.9181890169660305,1.0875007659796532,-0.12556108499245694,-1.225875134524435,-0.7195388299371782,0.8491537797253083,0.646549979470593,-0.07426286772541807,-1.6001034500043376,-0.9317806435996988,2.2883729860471442,-2.668602424725647,2.0460474796813966,0.6166582338477583,0.5987024781623833,-0.35605886068342313,0.22603231354881478,0.7504390599289339,0.8441129804875246,0.12563955217804648,0.23850700732410576,1.3421178796016702,-0.7778159942598671,1.2959232966426655,0.2869170530181586,0.45259623909084606,-0.7350807231344246,1.4853442960999574,-0.8786148398930469,0.5130549129032649,-1.4018797317042797,0.09156085432230847,-1.0458057867651036,0.33870064618081774,-0.3172264529040361,1.1571912465249905,0.856491706709612,-1.8796281323599828,1.7857713203279526,-0.8326378413986437,-0.40605555175712,-0.21192703135763122,0.9796042653326094,1.356473747046766,-0.460775717221777,-0.27431998161441484,-0.07901074912525977,0.44992096916163715,-0.9423489259042137,0.7375497706557715,1.2802183047459292,-0.1358065396536326,-1.6120575148914014,-0.858757973685765,0.7475404402472046,-0.25878391192882083,0.8181738361491419,-0.41921364078005596,0.680661745850217,-0.29961186964095815,-1.276621362395764,-1.1003915717624027,1.008730315083872,0.5858747436931611,0.9307140941310862,-1.5243066323610923,0.10530370301055281,0.1288259664149816,-0.6008117490134056,0.48954033243356687,-0.579208871756213,-1.0669886614423898,-0.2240205309433083,-0.9046936787901981,0.6002189140394719,-1.518908615300586,-0.5622714625181707,-0.7649349257466997,0.3454232558754895,1.6482432342749922,0.3184240020724961,-0.9043984699322903,-0.8798859051514627,-1.4153798191800522,-0.976342486964876,0.8005734242376235,-0.0494271881111633,-0.2883943661648149,-0.02798987480758658,1.6988908755731027,0.7117201651082534,-1.351355252021826,-1.5533842285129673,0.13407482803968496,-0.47813963031977996,-0.924682901447929,-1.1216616887583615,1.2071552705124637,2.1279249589447744,-1.9940827352285122,0.589439575936006,-0.6356118368716603,0.829541479490417,-0.24128345073832994,0.19222407525631346,0.3621800248695697,-1.566188238549252,-1.1954889172610683,0.3262913417078128,-0.7762171962920752,-0.7922452043059937,1.11444060411508,0.44586773495216264,-0.17540584768651987,0.5958442985040437,0.85840415163865,-0.9310836161077032,-0.022397740003262705,-1.545939185200954,2,1,1,1,3,1,1,1,3,2,2,1,1,1,1,1,1,3,3,3,1,2,1,1,2,1,1,2,2,1,1,2,3,1,2,3,1,2,2,1,1,1,4,1,1,1,5,2,1,1,0,0,0,0,1,0,0,0,1,0,1,0,0,0,0,0,0,1,0,0,0,0,0,0,0,0,0,1,0,0,0,0,1,0,0,1,0,1,0,0,0,0,1,0,0,0,1,0,0,0,0,0,0,0,0,0,0,0,0,0,0,0,0,0,0,0,0,0,0,0,0,0,0,0,0,0,0,0,0,0,0,0,0,0,0,0,0,0,0,0,0,0,0,0,0,0,0,0,0,0,-0.1924024,-0.042683516,-0.12229753,-0.10168509,-0.33714834,-0.07169584,-0.06966423,-0.08222004,-0.29771578,-0.19638579,-0.19771424,-0.116988614,-0.104985744,-0.08382937,-0.083740264,-0.07884654,-0.10574973,-0.30893877,-0.30637476,-0.32350045,-0.0990326,-0.1958677,-0.03088241,-0.055647314,-0.19408137,-0.08046337,-0.117398664,-0.1881533,-0.23772724,-0.12361211,-0.09973444,-0.2174064,-0.32226354,-0.123539366,-0.19496855,-0.31123692,-0.12909193,-0.1820107,-0.1948496,-0.07479884,-0.09680874,-0.04136057,-0.43022656,-0.07433149,-0.05800388,-0.05075343,-0.47856036,-0.20731923,-0.05455448,-0.08779117,-0.1924024,-0.042683516,-0.12229753,-0.10168509,-0.33714834,-0.07169584,-0.06966423,-0.08222004,-0.29771578,-0.19638579,-0.19771424,-0.116988614,-0.104985744,-0.08382937,-0.083740264,-0.07884654,-0.10574973,-0.30893877,-0.30637476,-0.32350045,-0.0990326,-0.1958677,-0.03088241,-0.055647314,-0.19408137,-0.08046337,-0.117398664,-0.1881533,-0.23772724,-0.12361211,-0.09973444,-0.2174064,-0.32226354,-0.123539366,-0.19496855,-0.31123692,-0.12909193,-0.1820107,-0.1948496,-0.07479884,-0.09680874,-0.04136057,-0.43022656,-0.07433149,-0.05800388,-0.05075343,-0.47856036,-0.20731923,-0.05455448,-0.08779117,-0.1924024,-0.042683516,-0.12229753,-0.10168509,-0.33714834,-0.07169584,-0.06966423,-0.08222004,-0.29771578,-0.19638579,-0.19771424,-0.116988614,-0.104985744,-0.08382937,-0.083740264,-0.07884654,-0.10574973,-0.30893877,-0.30637476,-0.32350045,-0.0990326,-0.1958677,-0.03088241,-0.055647314,-0.19408137,-0.08046337,-0.117398664,-0.1881533,-0.23772724,-0.12361211,-0.09973444,-0.2174064,-0.32226354,-0.123539366,-0.19496855,-0.31123692,-0.12909193,-0.1820107,-0.1948496,-0.07479884,-0.09680874,-0.04136057,-0.43022656,-0.07433149,-0.05800388,-0.05075343,-0.47856036,-0.20731923,-0.05455448,-0.08779117,-0.1924024,-0.042683516,-0.12229753,-0.10168509,-0.33714834,-0.07169584,-0.06966423,-0.08222004,-0.29771578,-0.19638579,-0.19771424,-0.116988614,-0.104985744,-0.08382937,-0.083740264,-0.07884654,-0.10574973,-0.30893877,-0.30637476,-0.32350045,-0.0990326,-0.1958677,-0.03088241,-0.055647314,-0.19408137,-0.08046337,-0.117398664,-0.1881533,-0.23772724,-0.12361211,-0.09973444,-0.2174064,-0.32226354,-0.123539366,-0.19496855,-0.31123692,-0.12909193,-0.1820107,-0.1948496,-0.07479884,-0.09680874,-0.04136057,-0.43022656,-0.07433149,-0.05800388,-0.05075343,-0.47856036,-0.20731923,-0.05455448,-0.08779117,-0.1924024,-0.042683516,-0.12229753,-0.10168509,-0.33714834,-0.07169584,-0.06966423,-0.08222004,-0.29771578,-0.19638579,-0.19771424,-0.116988614,-0.104985744,-0.08382937,-0.083740264,-0.07884654,-0.10574973,-0.30893877,-0.30637476,-0.32350045,-0.0990326,-0.1958677,-0.03088241,-0.055647314,-0.19408137,-0.08046337,-0.117398664,-0.1881533,-0.23772724,-0.12361211,-0.09973444,-0.2174064,-0.32226354,-0.123539366,-0.19496855,-0.31123692,-0.12909193,-0.1820107,-0.1948496,-0.07479884,-0.09680874,-0.04136057,-0.43022656,-0.07433149,-0.05800388,-0.05075343,-0.47856036,-0.20731923,-0.05455448,-0.08779117,-0.1924024,-0.042683516,-0.12229753,-0.10168509,-0.33714834,-0.07169584,-0.06966423,-0.08222004,-0.29771578,-0.19638579,-0.19771424,-0.116988614,-0.104985744,-0.08382937,-0.083740264,-0.07884654,-0.10574973,-0.30893877,-0.30637476,-0.32350045,-0.0990326,-0.1958677,-0.03088241,-0.055647314,-0.19408137,-0.08046337,-0.117398664,-0.1881533,-0.23772724,-0.12361211,-0.09973444,-0.2174064,-0.32226354,-0.123539366,-0.19496855,-0.31123692,-0.12909193,-0.1820107,-0.1948496,-0.07479884,-0.09680874,-0.04136057,-0.43022656,-0.07433149,-0.05800388,-0.05075343,-0.47856036,-0.20731923,-0.05455448,-0.08779117,-0.1924024,-0.042683516,-0.12229753,-0.10168509,-0.33714834,-0.07169584,-0.06966423,-0.08222004,-0.29771578,-0.19638579,-0.19771424,-0.116988614,-0.104985744,-0.08382937,-0.083740264,-0.07884654,-0.10574973,-0.30893877,-0.30637476,-0.32350045,-0.0990326,-0.1958677,-0.03088241,-0.055647314,-0.19408137,-0.08046337,-0.117398664,-0.1881533,-0.23772724,-0.12361211,-0.09973444,-0.2174064,-0.32226354,-0.123539366,-0.19496855,-0.31123692,-0.12909193,-0.1820107,-0.1948496,-0.07479884,-0.09680874,-0.04136057,-0.43022656,-0.07433149,-0.05800388,-0.05075343,-0.47856036,-0.20731923,-0.05455448,-0.08779117,-0.1924024,-0.042683516,-0.12229753,-0.10168509,-0.33714834,-0.07169584,-0.06966423,-0.08222004,-0.29771578,-0.19638579,-0.19771424,-0.116988614,-0.104985744,-0.08382937,-0.083740264,-0.07884654,-0.10574973,-0.30893877,-0.30637476,-0.32350045,-0.0990326,-0.1958677,-0.03088241,-0.055647314,-0.19408137,-0.08046337,-0.117398664,-0.1881533,-0.23772724,-0.12361211,-0.09973444,-0.2174064,-0.32226354,-0.123539366,-0.19496855,-0.31123692,-0.12909193,-0.1820107,-0.1948496,-0.07479884,-0.09680874,-0.04136057,-0.43022656,-0.07433149,-0.05800388,-0.05075343,-0.47856036,-0.20731923,-0.05455448,-0.08779117,-0.1924024,-0.042683516,-0.12229753,-0.10168509,-0.33714834,-0.07169584,-0.06966423,-0.08222004,-0.29771578,-0.19638579,-0.19771424,-0.116988614,-0.104985744,-0.08382937,-0.083740264,-0.07884654,-0.10574973,-0.30893877,-0.30637476,-0.32350045,-0.0990326,-0.1958677,-0.03088241,-0.055647314,-0.19408137,-0.08046337,-0.117398664,-0.1881533,-0.23772724,-0.12361211,-0.09973444,-0.2174064,-0.32226354,-0.123539366,-0.19496855,-0.31123692,-0.12909193,-0.1820107,-0.1948496,-0.07479884,-0.09680874,-0.04136057,-0.43022656,-0.07433149,-0.05800388,-0.05075343,-0.47856036,-0.20731923,-0.05455448,-0.08779117
-1.6501296210439826,-0.48889397410699115,2.023231595029118,-0.13489737818246833,0.2760347370626227,-0.02096059792056825,0.7516898246286167,-0.939022636676321,0.19999042022808458,0.8586011170767341,-0.2240669864010412,1.0981127229126362,0.8402995620060727,-1.1438307118140278,-0.10813474506041218,-0.9299038238077753,-0.4826009366982837,1.5549218013705386,0.09101731278598285,0.0027927288955634315,-0.30021776393315514,0.11242949701723806,-0.6749210846983528,-0.8512241451016115,-0.8870347251524723,-2.8423260728037882,1.4772073278273372,-0.7915670732967568,0.5473021866670307,-2.6928534955401933,-0.36536433411038216,-1.6438227184620242,-0.001784168770161843,0.9940799157939859,0.06472731789878321,-1.1391471457438374,1.7910013509988372,-0.5393075348832068,0.5294885001706087,2.101679965809875,-0.5687429081789339,-0.20516177355854445,1.3023688435523086,-0.3408288522295184,-0.9055716957228918,-0.7230087772256878,-0.24469659752449696,0.5005227694014689,-0.7508145863275848,-0.0976271475117661,-0.1490178161358668,0.5186873870982945,-1.5906443105078891,-2.336909487035822,-1.143711115404441,1.3516397844284613,0.6683624036385392,-0.8272635458334909,1.100927536036113,0.49616603858313507,1.2245381161766866,1.3415386268523164,-0.35658414008172906,1.9785866190440433,-0.2624579503978744,-0.21876822611113317,-0.9505019247365086,-0.5163339377882376,1.030630413799372,-0.9534015943587697,-1.7593251284013485,-1.0609273335931748,1.7437268487671969,1.253536363087878,-0.41847356009408826,0.40358250979807303,0.8917507154850108,0.3208185794153401,0.9131987220954711,0.2121057806198429,-0.06539176407231719,1.0509497134231798,1.0184011457752487,0.6826887044095513,0.15769667092712375,-0.2646294009813341,-1.7179161799927936,0.5036980722459619,-0.09294675405082911,-1.5125502156145545,-1.1235179740500787,-0.38994558081678743,-0.7907266475976287,0.3368283797858731,0.4785630068128968,-1.3024870771293662,-0.46964602002213757,0.7811677415575083,1.1012056263528758,0.6737692751946027,0.47260565575927826,-1.4943082889871226,-0.9735638991230545,0.16327019823777078,0.21685035229944993,-0.06626938769455042,0.970396177230919,-2.011732003935576,-0.2476114107358616,-1.4877857008840665,-0.47227678322755373,-0.9051584825570343,-1.396904188769674,-1.024075289563257,-1.0162028419785758,-0.5107821792192738,1.0338149409176463,-0.2913365991555609,0.50306659239414,-0.0683289678431107,1.3878516136827217,1.7354889165828142,-1.0885300072639794,0.12513627573227987,-1.1311598005271764,0.2699427207042315,-1.9751512806558769,0.9943290368592953,0.8521782541781491,-0.6557282365930073,-0.5956930716386243,-0.7427046855102897,-0.9145383256664987,0.49417990533179884,-0.5974175897922711,-0.2625144923240814,-0.39319271178272397,1.0142809696005146,-1.1241913216407158,-0.16996720888104547,0.6963784288121025,0.19825615514060863,0.34305786661275167,-0.05954618265008584,-0.140974728850028,-0.6533029090751039,-1.8336449286666732,0.495190009244269,1.4302624305541238,0.6850165201405276,-1.1377745293962034,-0.23665496464486796,1.2744873534932388,0.6965391208930913,-0.6572004523972932,-1.3034405200767607,0.23768699412041755,0.7614972549962753,-1.7796803810581674,-0.13583760641859957,-0.49633457252291885,-0.7652177091412521,0.20147073212947658,0.952907922023836,-0.12587568370380917,-0.4081051813437568,-2.0580540723148815,-0.13711418878058057,-1.507138317213786,-0.02560900740551038,1.757739400739566,0.5781488962876651,1.8918021096034254,0.7890866199038135,1.7264834272901766,0.20617397413878116,0.21731322622455967,-1.1871041438248944,1.7245960233245485,0.37608912352190726,1.6016345702734112,-1.72065002654249,1.1367746503790188,-0.5005701166230117,-2.101503929014471,-0.48156952982455414,1.450524822479298,-1.3953521797220558,0.05060381791755188,-1.117558590154638,-1.0842546720112065,2.0771637079486065,0.35555936295200186,0.9617014568305996,0.2564550553105668,0.46637310961036527,1.0188213523220788,0.8287062292111874,-0.5088176737959333,0.4030113467970343,3,4,2,7,5,5,2,2,2,3,2,3,1,2,2,2,2,1,1,1,2,3,7,2,1,4,1,3,1,1,2,2,2,1,4,2,3,3,6,2,2,8,2,2,3,1,6,2,2,1,0,0,0,1,1,1,0,0,0,0,0,0,0,0,0,0,0,0,0,0,0,0,1,0,0,0,0,1,0,0,0,0,0,0,1,0,0,0,1,0,0,1,0,0,0,0,1,0,0,0,0,0,0,0,0,0,0,0,0,0,0,0,0,0,0,0,0,0,0,0,0,0,0,0,0,0,0,0,0,0,0,0,0,0,0,0,0,0,0,0,0,0,0,0,0,0,0,0,0,0,-0.2848913,-0.40504655,-0.24385913,-0.7548482,-0.5337598,-0.52352536,-0.15860505,-0.1865277,-0.13520513,-0.30882213,-0.20020151,-0.32405287,-0.02164885,-0.20045952,-0.20011687,-0.1808183,-0.23931266,-0.14071251,-0.14590356,-0.13976851,-0.21440229,-0.2931201,-0.74977165,-0.14671777,-0.04500364,-0.39913753,-0.1368408,-0.301009,-0.14083692,-0.13715886,-0.20285079,-0.24697243,-0.23862728,-0.06287928,-0.41894758,-0.13863105,-0.29584634,-0.30576336,-0.63314587,-0.23120594,-0.16687723,-0.86584014,-0.19213083,-0.1660454,-0.289044,-0.077062756,-0.62812954,-0.2494409,-0.13573651,-0.06465187,-0.2848913,-0.40504655,-0.24385913,-0.7548482,-0.5337598,-0.52352536,-0.15860505,-0.1865277,-0.13520513,-0.30882213,-0.20020151,-0.32405287,-0.02164885,-0.20045952,-0.20011687,-0.1808183,-0.23931266,-0.14071251,-0.14590356,-0.13976851,-0.21440229,-0.2931201,-0.74977165,-0.14671777,-0.04500364,-0.39913753,-0.1368408,-0.301009,-0.14083692,-0.13715886,-0.20285079,-0.24697243,-0.23862728,-0.06287928,-0.41894758,-0.13863105,-0.29584634,-0.30576336,-0.63314587,-0.23120594,-0.16687723,-0.86584014,-0.19213083,-0.1660454,-0.289044,-0.077062756,-0.62812954,-0.2494409,-0.13573651,-0.06465187,-0.2848913,-0.40504655,-0.24385913,-0.7548482,-0.5337598,-0.52352536,-0.15860505,-0.1865277,-0.13520513,-0.30882213,-0.20020151,-0.32405287,-0.02164885,-0.20045952,-0.20011687,-0.1808183,-0.23931266,-0.14071251,-0.14590356,-0.13976851,-0.21440229,-0.2931201,-0.74977165,-0.14671777,-0.04500364,-0.39913753,-0.1368408,-0.301009,-0.14083692,-0.13715886,-0.20285079,-0.24697243,-0.23862728,-0.06287928,-0.41894758,-0.13863105,-0.29584634,-0.30576336,-0.63314587,-0.23120594,-0.16687723,-0.86584014,-0.19213083,-0.1660454,-0.289044,-0.077062756,-0.62812954,-0.2494409,-0.13573651,-0.06465187,-0.2848913,-0.40504655,-0.24385913,-0.7548482,-0.5337598,-0.52352536,-0.15860505,-0.1865277,-0.13520513,-0.30882213,-0.20020151,-0.32405287,-0.02164885,-0.20045952,-0.20011687,-0.1808183,-0.23931266,-0.14071251,-0.14590356,-0.13976851,-0.21440229,-0.2931201,-0.74977165,-0.14671777,-0.04500364,-0.39913753,-0.1368408,-0.301009,-0.14083692,-0.13715886,-0.20285079,-0.24697243,-0.23862728,-0.06287928,-0.41894758,-0.13863105,-0.29584634,-0.30576336,-0.63314587,-0.23120594,-0.16687723,-0.86584014,-0.19213083,-0.1660454,-0.289044,-0.077062756,-0.62812954,-0.2494409,-0.13573651,-0.06465187,-0.2848913,-0.40504655,-0.24385913,-0.7548482,-0.5337598,-0.52352536,-0.15860505,-0.1865277,-0.13520513,-0.30882213,-0.20020151,-0.32405287,-0.02164885,-0.20045952,-0.20011687,-0.1808183,-0.23931266,-0.14071251,-0.14590356,-0.13976851,-0.21440229,-0.2931201,-0.74977165,-0.14671777,-0.04500364,-0.39913753,-0.1368408,-0.301009,-0.14083692,-0.13715886,-0.20285079,-0.24697243,-0.23862728,-0.06287928,-0.41894758,-0.13863105,-0.29584634,-0.30576336,-0.63314587,-0.23120594,-0.16687723,-0.86584014,-0.19213083,-0.1660454,-0.289044,-0.077062756,-0.62812954,-0.2494409,-0.13573651,-0.06465187,-0.2848913,-0.40504655,-0.24385913,-0.7548482,-0.5337598,-0.52352536,-0.15860505,-0.1865277,-0.13520513,-0.30882213,-0.20020151,-0.32405287,-0.02164885,-0.20045952,-0.20011687,-0.1808183,-0.23931266,-0.14071251,-0.14590356,-0.13976851,-0.21440229,-0.2931201,-0.74977165,-0.14671777,-0.04500364,-0.39913753,-0.1368408,-0.301009,-0.14083692,-0.13715886,-0.20285079,-0.24697243,-0.23862728,-0.06287928,-0.41894758,-0.13863105,-0.29584634,-0.30576336,-0.63314587,-0.23120594,-0.16687723,-0.86584014,-0.19213083,-0.1660454,-0.289044,-0.077062756,-0.62812954,-0.2494409,-0.13573651,-0.06465187,-0.2848913,-0.40504655,-0.24385913,-0.7548482,-0.5337598,-0.52352536,-0.15860505,-0.1865277,-0.13520513,-0.30882213,-0.20020151,-0.32405287,-0.02164885,-0.20045952,-0.20011687,-0.1808183,-0.23931266,-0.14071251,-0.14590356,-0.13976851,-0.21440229,-0.2931201,-0.74977165,-0.14671777,-0.04500364,-0.39913753,-0.1368408,-0.301009,-0.14083692,-0.13715886,-0.20285079,-0.24697243,-0.23862728,-0.06287928,-0.41894758,-0.13863105,-0.29584634,-0.30576336,-0.63314587,-0.23120594,-0.16687723,-0.86584014,-0.19213083,-0.1660454,-0.289044,-0.077062756,-0.62812954,-0.2494409,-0.13573651,-0.06465187,-0.2848913,-0.40504655,-0.24385913,-0.7548482,-0.5337598,-0.52352536,-0.15860505,-0.1865277,-0.13520513,-0.30882213,-0.20020151,-0.32405287,-0.02164885,-0.20045952,-0.20011687,-0.1808183,-0.23931266,-0.14071251,-0.14590356,-0.13976851,-0.21440229,-0.2931201,-0.74977165,-0.14671777,-0.04500364,-0.39913753,-0.1368408,-0.301009,-0.14083692,-0.13715886,-0.20285079,-0.24697243,-0.23862728,-0.06287928,-0.41894758,-0.13863105,-0.29584634,-0.30576336,-0.63314587,-0.23120594,-0.16687723,-0.86584014,-0.19213083,-0.1660454,-0.289044,-0.077062756,-0.62812954,-0.2494409,-0.13573651,-0.06465187,-0.2848913,-0.40504655,-0.24385913,-0.7548482,-0.5337598,-0.52352536,-0.15860505,-0.1865277,-0.13520513,-0.30882213,-0.20020151,-0.32405287,-0.02164885,-0.20045952,-0.20011687,-0.1808183,-0.23931266,-0.14071251,-0.14590356,-0.13976851,-0.21440229,-0.2931201,-0.74977165,-0.14671777,-0.04500364,-0.39913753,-0.1368408,-0.301009,-0.14083692,-0.13715886,-0.20285079,-0.24697243,-0.23862728,-0.06287928,-0.41894758,-0.13863105,-0.29584634,-0.30576336,-0.63314587,-0.23120594,-0.16687723,-0.86584014,-0.19213083,-0.1660454,-0.289044,-0.077062756,-0.62812954,-0.2494409,-0.13573651,-0.06465187
