5,12,50,200
127,4,7,6,5,4,3,4,3,4,4,7,5,6,7,3,6,3,6,4,4,4,6,5,6,7,7,5,6,4,7,5,4,7,6,3,5,5,6,3,7,3,4,7,4,7,5,4,7,4,7
124,3,6,3,5,6,4,7,6,4,3,6,4,5,6,3,6,3,5,5,6,3,6,6,3,6,7,7,7,5,7,3,5,3,7,3,6,6,3,6,3,4,5,6,7,4,7,5,3,4,5
131,7,7,5,6,6,5,7,7,5,5,4,5,5,5,5,6,6,3,5,7,5,5,4,6,7,3,4,3,6,3,6,6,3,6,4,7,4,7,3,4,7,3,6,4,7,5,6,5,7,5
123,3,3,4,5,6,5,7,3,3,7,3,5,5,3,4,6,5,7,3,7,5,4,7,7,4,5,3,5,5,6,6,5,6,5,3,6,3,6,7,4,3,6,5,5,3,3,6,5,7,7
120,5,5,4,4,3,3,3,4,6,4,5,3,5,3,4,3,3,7,4,5,3,4,3,6,5,7,6,4,6,7,5,4,5,6,6,5,7,4,4,7,5,5,6,4,7,7,4,6,4,5
163.0,0.2897748568964129,2.075400798645439,0.8711247034316923,-0.32602353216784113,1.2012139221639448,-0.4080753730215514,-2.038124535177854,-1.008086310917404,-1.8707919210258557,-0.35151348404130867,0.0184183791895517,1.6764373122752827,3,3,2,2,1,3,1,9,5,3,2,3,12,3,2,3,4,7,16,4,8,6,1,5,10,1,2,1,2,8,2,1,3,3,8,2,4,3,1,2,1,1,3,6,7,2,13,7,6,3,1,0,0,0,0,1,0,1,1,1,0,1,1,1,0,0,1,1,1,1,1,1,0,1,1,0,0,0,0,1,0,0,1,0,1,0,1,0,0,0,0,0,0,1,1,0,1,1,1,0
172.0,0.32692737376416264,-0.21910052880886424,0.8294055811834892,-2.211135309007885,0.23561455810856594,0.7708651938869668,-1.4785862457798415,1.143754043206929,0.3384964074944141,-0.4152879139008013,0.6327818661062848,2.270692857804396,9,2,2,2,7,12,2,3,2,8,3,6,5,7,1,2,2,2,7,2,5,5,3,3,10,1,2,6,2,5,9,2,5,3,6,5,8,3,1,5,2,2,6,5,10,3,10,8,5,8,1,0,0,0,1,1,0,0,0,1,0,1,1,1,0,0,0,0,1,0,1,1,0,0,1,0,0,1,0,1,1,0,0,0,1,1,1,0,0,0,0,0,1,1,1,0,1,1,1,1
117.0,0.18186625505849516,0.24822058630033608,-0.4593608995402441,-0.8498443694647918,0.8303358165442456,-0.8560838259088672,0.07156623721939247,-0.4776574467651167,0.47897982574639186,0.3336621052869483,1.0375399442578992,-0.510016398854747,2,2,2,6,2,4,5,3,5,3,3,4,2,4,3,5,2,6,5,3,5,2,1,4,2,2,2,3,3,4,4,2,6,3,7,5,7,4,4,4,1,3,6,3,3,2,4,4,1,1,0,0,0,1,0,1,1,1,1,0,1,1,0,1,1,1,0,1,1,0,1,0,0,1,0,0,0,0,0,0,1,0,1,0,1,1,1,1,1,1,0,0,1,0,0,0,1,1,0,0
150.0,-0.26987493529337125,-0.9787637157823074,-0.4442932600761116,0.3773004930448522,0.7569886166453519,-0.9221653241776254,0.8696059201056602,1.355637858804951,0.41343490322370086,1.876795812558066,-0.773789199103573,-1.244654703311417,3,4,4,3,2,4,7,2,3,3,7,6,1,4,3,3,4,3,3,6,5,4,10,2,2,5,5,3,4,3,14,5,5,3,5,3,5,2,5,5,5,13,3,1,2,4,2,5,6,5,0,1,1,0,0,1,1,0,0,0,1,1,0,1,0,0,1,0,1,1,1,1,1,0,0,0,1,0,0,0,1,1,1,0,1,0,1,0,1,1,1,1,0,0,0,1,0,1,1,0
265.0,-1.7787202489042786,1.496044311489183,0.6543656563540577,-0.05558467091045507,0.2799686263198203,-1.1254890472983765,2.4457519796168263,0.1292211819752275,0.10939479460489289,0.725766623898692,0.4810092317367132,0.22388402427913137,4,8,5,18,10,6,7,5,4,5,5,17,5,7,10,12,4,3,10,11,10,8,3,3,3,3,13,5,16,2,6,6,17,8,8,8,24,4,7,4,4,5,3,1,5,8,6,8,11,2,0,1,1,1,1,0,0,0,0,0,0,1,0,1,1,1,0,0,1,1,1,1,0,0,0,0,1,0,1,0,1,0,1,1,1,1,1,0,1,0,0,1,0,0,0,1,0,1,1,0
258.0,-0.7904744554453119,0.4714683571359957,1.8820244964750337,1.3454200461549777,1.593186626639397,-0.5112156764311852,-0.9896048202585809,-0.12578692009964815,0.055724912288694604,1.0941915184709485,-1.6924646297148194,1.5295503194606137,9,5,3,4,8,5,2,9,6,7,9,5,19,5,13,9,7,2,17,8,5,5,8,5,4,2,5,2,5,8,11,14,7,9,11,5,8,2,3,9,6,3,3,6,7,9,7,16,20,7,1,0,0,0,1,0,0,1,0,1,1,0,1,0,1,1,1,0,1,1,0,0,1,0,0,0,0,0,0,1,1,1,1,1,1,0,1,0,0,1,0,0,0,1,0,1,1,1,1,0
52.0,-0.15800789857898942,-0.42688106994742003,-1.0121043752601675,-1.6548566718657693,0.8231705839619146,0.07331796718840389,-1.2899608997410539,-1.295078772063616,-0.3357846992901282,1.669021525289393,-0.2595913513636048,-1.5031429531181062,2,1,1,1,1,1,1,2,1,2,2,1,1,2,1,2,1,4,1,1,2,3,1,1,1,2,1,1,1,2,2,1,1,1,1,1,2,3,1,4,1,1,3,1,1,1,1,5,1,1,1,0,0,0,1,1,1,1,0,1,1,0,0,1,1,1,1,1,0,0,1,1,0,0,0,1,0,0,0,1,1,0,0,0,1,0,1,1,0,1,1,0,1,1,0,0,0,1,0,0
171.0,-0.24574306408594432,-0.2727235697476705,-2.6968866429415717,-0.05429486651781221,-0.23093453020867796,0.6962063648134184,1.8489560949453452,1.1265650295477574,-0.26888869055483056,-1.1065259087416703,2.5733598032498604,0.05921843401448826,3,8,8,3,4,5,10,4,2,2,6,4,1,8,3,2,1,4,3,10,5,3,4,17,7,5,2,10,8,2,3,1,4,3,7,2,9,4,6,2,4,3,7,5,2,6,1,2,1,7,1,1,1,0,0,1,1,0,0,0,1,1,0,1,1,0,0,1,0,1,1,0,0,1,1,0,0,1,1,0,0,0,1,0,1,0,1,0,1,0,1,0,1,1,0,1,0,0,0,1
95.0,0.013929291912946203,-0.024125087110003277,0.19808476076785494,-0.14436041192394247,-0.5736620068802363,-0.5468589412403921,-0.03275327021599839,-0.543424771133765,-0.7128457826771644,0.10643022769189683,-0.2549772174208553,1.5039929885826886,1,2,3,1,2,2,2,2,2,2,4,5,4,2,2,2,3,4,4,1,4,4,3,4,4,2,4,3,3,2,4,2,2,1,2,2,4,2,3,5,2,1,4,2,3,4,5,5,5,3,0,0,1,0,0,1,0,1,0,0,1,1,1,0,0,0,1,1,1,0,1,1,1,1,1,0,1,1,1,0,1,0,0,0,0,0,1,0,1,1,0,0,0,0,0,1,1,1,1,0
116.0,-2.650969808393012,1.0915068519224618,1.246085192497629,-2.0733902324081495,-0.34268759408034877,-0.37144086599579146,-1.4075116947178212,-0.7778166875908753,-1.1105758454658288,1.7522704434236227,0.9356783931474612,1.2715550949941588,2,2,1,3,1,1,1,5,2,3,1,2,2,4,1,5,1,3,12,1,12,2,1,1,2,1,2,2,3,2,2,1,1,1,1,1,10,4,1,7,1,1,6,1,11,1,3,5,6,1,1,0,0,1,0,0,0,1,1,1,0,1,0,1,0,1,0,1,1,0,1,0,1,0,0,0,1,1,1,0,1,0,0,0,0,0,1,1,1,1,0,0,1,0,1,0,1,1,1,0
120.0,0.7216720640432351,-1.1290517712172292,-0.5245202662797737,0.48937456122791806,-1.2221278088919454,0.7129984301723881,-0.24032539815813503,-0.3748208075495975,0.7109599682034915,0.44426331148603976,-0.3609661658190799,1.159329803364248,2,2,5,1,6,3,5,2,2,2,5,4,5,1,1,2,3,3,2,1,2,3,5,6,3,9,2,7,4,4,5,6,1,2,3,3,2,5,3,4,3,4,6,4,3,3,3,3,6,7,0,0,1,0,1,0,1,0,0,0,1,1,1,0,0,0,0,0,0,0,0,0,1,1,0,1,0,1,1,0,1,1,0,0,1,0,0,1,0,1,1,1,1,1,1,1,0,0,1,1
90.0,-1.0810633275998973,0.6159356069442637,0.5931012579683838,-0.3095464393139903,0.326133022242118,-1.251113576385303,0.924027019206901,-0.18490213644298903,-0.5227230205190395,1.0490092258368893,-0.7043436905427592,-1.4084612963635597,3,5,3,6,2,1,2,2,3,2,2,2,2,3,5,3,3,3,3,4,5,3,3,1,1,3,4,1,1,1,3,2,4,4,1,3,5,3,3,3,3,2,2,1,3,3,2,3,2,1,1,1,1,1,0,0,0,0,1,0,0,0,0,1,1,1,1,1,1,1,1,1,1,0,0,1,1,0,0,0,1,0,1,1,0,0,1,1,1,0,1,0,0,0,0,1,0,0,0,0
127.0,-1.5566291735239037,0.6060099513456396,-1.280429352496283,1.7547941819843647,-2.081929407883722,1.6964563682900382,0.2110174672026184,-0.09671311187039239,-0.5449190868089497,0.39913611435207086,-0.037634702424848364,1.1033018820165215,2,2,10,1,7,3,3,2,1,3,3,3,2,2,3,4,4,2,4,2,2,3,4,6,4,8,3,5,16,6,3,3,1,4,2,2,5,3,5,5,3,2,4,5,3,4,1,2,4,4,0,0,1,0,1,1,0,0,0,0,0,1,0,0,1,1,1,0,1,0,0,0,0,1,1,1,0,1,1,1,0,1,0,0,0,0,1,1,1,1,1,0,0,1,1,1,0,0,1,1
87.0,0.11422764866203965,0.1503017614618776,-0.36361221221385587,-0.056945623721067457,0.3078017688920592,-1.7101683926566256,-1.348185422105713,0.743264094022715,0.17086543812794186,-0.18398333635267913,0.01843393306539316,0.34758170536167105,3,2,1,3,2,2,3,2,5,3,1,3,4,6,2,2,2,2,5,2,3,1,1,1,4,1,3,2,1,2,5,1,2,2,5,2,2,3,1,3,2,2,4,1,3,4,3,3,4,3,1,0,0,1,0,1,1,0,1,1,0,1,1,1,1,0,0,0,1,0,1,0,0,0,1,0,1,1,0,0,1,0,0,0,1,0,0,0,0,1,0,1,1,0,0,1,1,1,1,1
155.0,-0.5397596803093615,-0.7783047254023127,0.19584525509768155,-0.978372777615032,0.40825275571447184,-1.7025836042378404,1.0291556373256436,0.472597482413043,0.25602973431387566,0.9826909839455139,1.6654744444625766,1.0143700650181304,4,4,3,9,4,2,3,2,5,2,3,5,3,7,1,3,2,5,9,4,13,2,3,6,3,3,3,6,7,2,8,4,5,2,4,4,12,1,4,8,4,3,10,2,3,4,5,5,3,2,0,1,1,1,1,0,1,0,1,0,0,1,0,1,0,0,0,1,1,0,1,0,0,1,0,0,0,1,1,0,1,1,1,0,1,0,1,0,1,1,1,0,1,0,0,0,1,1,0,0
34.0,-1.8408742313316453,-1.2795769667357015,-0.6248185776956788,0.026091050210833786,0.517659020469123,-0.7257438131534656,0.18676676447707832,-0.7553829323533225,-0.6115178029919482,-1.4066610968482223,-0.9232332461109043,-1.3516846056163336,2,3,1,1,1,1,1,1,1,1,1,1,1,1,1,1,1,1,1,3,1,1,1,1,1,1,1,1,1,1,1,1,1,1,1,1,1,2,3,1,1,1,1,1,1,1,1,1,1,1,1,1,1,0,0,1,0,0,1,1,1,1,0,1,1,0,1,0,1,1,1,0,1,0,0,0,1,1,0,0,0,1,1,0,1,0,0,1,1,1,1,1,0,1,0,0,0,0,0,0
281.0,-0.9758732529773327,1.0536417966078395,-0.949398888831943,2.632382064837391,0.4933179008808892,0.1848361236948739,-0.8583577801812136,0.7003098794089914,-0.5756378262377739,0.12200981464536144,2.5600845382687947,-0.09605989972464987,4,7,6,5,4,3,9,22,20,3,3,12,3,7,8,17,7,10,29,12,10,4,3,7,5,4,4,2,16,11,4,3,4,10,17,2,9,3,4,3,4,5,6,7,2,8,2,6,8,8,0,1,1,0,0,0,1,1,1,0,0,1,0,1,1,1,1,1,1,1,1,0,0,1,0,0,0,0,1,1,0,0,1,1,1,0,1,0,0,0,0,0,0,1,0,1,0,0,1,1
241.0,1.1492733262856758,-0.7031764251258874,-0.0349884904969617,1.77080063563551,-0.6269670577877674,1.8124485579969287,0.7077519354554754,-0.5624667758942676,0.632407739055521,0.9725544496267299,0.6218099622171964,-1.5702247198904564,4,9,18,6,10,4,8,9,7,6,10,5,5,2,5,12,6,5,3,3,3,5,17,13,4,15,9,6,5,5,3,21,2,10,6,6,2,7,5,3,8,11,6,4,2,3,3,1,5,8,0,1,1,0,1,0,1,1,1,1,1,1,1,0,1,1,1,0,0,0,0,0,1,1,0,1,1,1,0,0,0,1,0,1,1,0,0,1,0,0,1,1,0,0,0,0,0,0,0,1
166.0,-0.7271371758248686,-0.24751863555150475,-0.07443342910004629,0.620672097550678,0.17770100093325383,-1.3353443587101013,0.3801978510059632,0.6105857452838231,0.5597904479310398,1.0807807255546218,0.8339221545489041,0.4591800792284367,4,4,4,3,6,4,7,4,3,3,4,13,5,7,5,6,5,4,11,6,4,3,2,5,2,3,7,3,7,4,6,5,4,3,9,3,12,3,5,5,4,5,6,4,3,5,3,3,10,3,1,0,1,0,1,1,1,0,0,0,1,1,1,1,1,1,1,0,1,0,1,0,0,0,0,0,1,0,1,0,1,0,1,0,1,0,1,0,1,1,0,1,1,0,0,1,0,0,1,0
89.0,-0.07016571145864703,-1.6609609335159914,0.42961821913258585,0.20768768716311115,0.27157883719537346,-1.2767485758203094,-1.0810565404082624,1.0531528533329035,-0.03955515385665504,0.6815006973726244,0.028318376130461172,0.02975613949574519,4,2,2,1,3,1,4,2,2,3,2,2,2,3,1,3,4,3,6,2,2,1,2,2,2,2,2,1,2,2,5,2,2,1,2,2,2,1,2,5,5,6,4,2,3,1,3,3,5,5,1,0,0,0,1,0,1,0,0,1,1,0,0,1,0,1,1,1,1,0,0,0,1,0,0,0,1,0,0,0,1,0,0,0,1,0,1,0,0,1,1,1,1,1,1,0,1,1,1,1
97.0,0.9382838059759977,-0.5160447282173739,0.09612077694098337,-0.4622752887050425,-0.4344962274323156,-0.30917212346863937,0.22213377163371284,-0.4787486216634773,1.2557561255735208,-0.8946073022195039,-0.18687164416135904,-0.4397310582741749,4,3,2,5,2,5,4,1,3,2,4,2,5,3,4,2,2,3,1,2,2,2,2,2,2,4,1,5,1,2,3,2,4,3,1,7,1,3,3,4,2,5,3,2,2,4,5,2,3,2,1,1,0,1,0,1,1,0,1,1,1,0,1,1,1,0,0,0,0,0,0,0,0,0,0,1,0,1,0,0,1,0,1,1,0,1,0,1,1,1,1,1,0,0,0,1,1,0,1,0
264.0,1.4469778843537329,0.19655477651157463,1.0318445394686349,-1.485560373036972,0.26705026586925884,0.889630795623437,0.08228398927542419,1.0654803750653512,-0.5172884501003722,1.40934744018558,2.2988981236192503,-0.36283856043965906,10,8,11,11,4,9,8,7,14,12,5,11,3,7,5,7,8,10,11,2,7,11,13,6,8,9,7,3,12,3,8,9,6,5,12,5,19,4,1,4,4,3,14,9,5,2,7,3,5,6,1,0,1,1,0,1,0,1,1,1,0,1,0,1,0,0,1,1,1,0,1,1,1,0,0,1,1,0,1,0,1,1,1,0,1,0,1,0,0,0,0,0,1,1,0,0,1,0,0,0
98.0,-0.4455025214007718,1.453384477117701,1.5795721457307124,-0.5228600271532683,-0.42018681709585726,-0.2817846088605072,-1.344450511034277,-0.9186519464841982,-1.0041407667520679,-0.7677975651041284,-0.03468488738678118,0.23421473253652075,3,4,2,5,2,2,1,7,5,2,1,2,4,3,2,4,5,5,3,2,3,2,1,1,2,1,2,1,2,2,1,1,3,3,1,3,2,4,1,1,2,1,1,1,12,1,7,4,3,1,1,1,0,1,0,1,0,1,1,0,0,0,1,1,0,1,1,1,1,0,1,0,0,0,0,0,1,0,0,1,0,0,1,1,0,1,1,1,0,0,0,0,0,0,1,0,1,1,1,0
237.0,1.5505004928140769,-0.998354040738791,0.9843223984765838,-0.21398884422550896,-0.04946370965243295,0.6748194921666038,-1.1227220215622986,0.3824097461840506,0.1664522082130561,0.4924512640081491,0.2891686439078181,2.4553001399108942,5,4,5,2,12,10,3,5,7,6,13,6,10,2,4,5,4,4,6,2,3,11,10,11,8,4,4,8,7,11,6,9,2,3,13,3,6,4,2,4,4,4,10,18,8,3,15,7,7,11,0,0,0,0,1,1,0,1,1,1,1,0,1,0,1,0,0,0,1,0,0,1,1,1,1,0,0,1,1,1,0,1,0,0,1,0,0,0,0,0,0,0,1,1,1,0,1,1,1,1
92.0,-0.637739984251316,-0.5309969550018176,-0.6231405264247644,-0.5554771191602547,-0.6373871273065177,1.1890165311075518,1.4205042479898549,-0.5707462937494763,-0.8323555731042287,0.4714155563864041,-0.5522230442809712,0.6329318177555108,2,4,4,2,3,4,1,2,1,2,6,2,1,1,3,2,1,2,2,2,5,4,3,4,3,6,2,5,4,3,3,3,2,3,1,1,4,4,3,5,2,2,3,3,2,2,1,3,2,3,0,1,1,0,1,1,0,1,0,1,1,0,0,0,1,0,0,0,0,0,1,1,1,1,0,1,0,1,1,0,1,1,0,1,0,0,1,1,1,1,1,0,0,1,0,0,0,1,0,0
225.0,0.2029230208512997,-1.515744114997232,1.5475052013300616,1.7958776730955217,-0.6127886904843862,-0.38770155993598415,0.28586539072490497,0.334456789987025,0.6585442726728304,2.0102045387663496,-0.1769472274940494,-0.7982972445384537,4,13,6,3,6,1,5,4,6,5,7,6,6,3,3,10,9,3,7,3,3,3,24,4,1,10,11,5,6,5,3,16,6,6,4,3,2,3,11,8,13,15,5,3,3,4,3,2,8,5,1,1,1,0,1,0,0,0,1,1,1,1,1,0,1,1,1,0,1,0,0,0,1,0,0,1,1,1,1,0,0,1,1,0,1,0,0,0,1,1,1,1,0,0,0,0,0,0,1,0
237.0,-1.3793192280145272,-0.7309300399419191,-0.033126972873797095,1.7945578635177877,-0.5176112990361714,0.2237879516388985,-0.016422896072752075,1.188393273448084,2.5269324258736217,-0.5308687729203206,-0.48943944251822213,1.044160877069072,12,5,2,6,24,6,10,3,3,6,6,6,4,5,6,5,2,1,5,3,2,2,3,4,5,5,2,17,6,4,8,5,7,14,10,4,3,5,10,12,7,14,2,4,3,16,4,3,14,5,1,1,0,1,1,1,1,0,0,1,1,1,0,1,1,0,0,0,1,0,0,0,0,0,0,1,0,1,1,0,1,0,1,1,1,0,0,0,1,1,1,1,0,0,0,1,0,0,1,0
515.0,0.6818914896263114,1.8467073257360336,0.5839281853259639,-0.35929209078705954,0.5906548306923093,1.1087035805829077,0.820482181197364,0.5072740311072977,1.066674689589154,1.1692955904456728,1.3821589910375272,0.6487098875896427,13,9,15,21,7,24,6,8,16,17,20,40,9,18,16,10,10,15,19,13,20,31,12,8,12,6,16,13,22,12,12,9,18,23,35,10,22,11,7,9,4,10,12,13,11,8,22,6,22,11,1,0,1,1,0,1,0,0,1,1,1,1,0,1,1,0,0,1,1,0,1,1,1,0,0,0,1,1,1,0,1,0,1,1,1,0,1,0,0,0,0,0,0,1,0,0,1,0,1,0
152.0,-0.16711808031685435,0.14671368643332283,1.2065089665083568,-0.8169356709872361,0.3686733088729012,-0.3933388123273607,0.028744822934817487,1.2784518626072987,0.19109906801990334,0.04643654815614881,-1.3598561409799192,0.7462535660272207,8,3,2,2,4,4,3,2,5,6,4,6,5,3,4,3,6,2,7,3,4,4,6,3,7,2,4,7,3,2,9,3,5,8,4,6,6,4,2,5,6,3,3,1,8,7,4,6,9,4,1,0,0,0,1,1,0,0,1,1,1,1,1,0,1,0,1,0,1,0,1,0,1,0,1,0,0,1,0,0,1,0,1,1,0,0,1,0,0,1,1,0,0,0,1,1,0,1,1,0
318.0,0.6454841811410754,2.16325472330546,-0.30777823495300083,0.21915032766393897,0.24938368371075526,1.5774532797634744,-0.0952955323869521,0.27902152577033923,0.6078965097165392,0.1866091231563581,-0.44643361455052827,0.19408999289830758,8,2,19,7,8,18,5,12,8,20,10,6,14,9,14,10,5,7,5,8,8,19,7,8,18,8,6,8,15,24,6,11,6,9,15,6,5,11,4,5,3,8,5,6,6,11,11,7,8,7,0,0,1,0,0,1,0,1,1,1,1,0,1,1,1,1,0,0,0,0,1,1,0,1,1,0,0,1,1,1,0,1,0,1,1,0,0,1,0,0,0,1,0,0,0,1,1,0,1,0
190.0,1.073631749859772,-1.0265152994110602,0.132969674146876,-0.7001208149391732,1.1950466289248425,-1.5231869047837747,-0.5589218472715883,0.37721187506452086,1.5655240292343404,-0.0657502610729878,-0.5551995266931984,1.8811570694405901,4,2,2,5,6,7,6,1,4,5,9,6,12,7,3,3,4,3,5,2,4,5,3,4,6,2,3,5,2,9,9,3,6,3,13,7,3,3,4,13,5,7,7,3,4,6,16,7,8,6,0,0,0,0,1,1,1,0,1,1,1,1,1,1,0,0,1,0,1,0,0,0,0,0,1,0,0,0,0,1,1,0,1,0,1,1,0,0,0,1,1,1,1,0,0,1,1,1,1,0
50.0,-1.448013900416244,-2.198805956620082,0.4400144500533324,-0.5020542243526112,-1.0212328171307132,0.7083564472993533,0.24380071377119883,-0.5640786307367284,-1.2803043986708944,0.8724573282801447,0.650201177958661,-0.09917586377938291,2,3,1,1,3,1,1,1,1,1,1,1,1,1,1,2,1,1,1,1,2,1,4,3,1,2,1,3,2,1,2,1,1,1,1,1,2,1,2,2,1,1,3,2,2,1,1,2,1,1,1,1,0,0,1,1,0,1,0,0,0,1,0,0,1,1,1,0,1,0,1,0,1,1,0,1,0,1,1,0,1,0,0,0,0,0,1,0,1,1,0,1,1,1,1,0,0,1,0,0
148.0,1.8466369960476658,-1.0700847663261526,-1.5255251709247388,-0.6919080698812444,-0.045586016355497805,0.24333944932269183,-0.24123605785632987,0.3520553965142968,-1.251539424190444,1.4437646040732595,-0.0821511783925688,1.1172958315881276,2,2,6,1,2,4,2,1,2,4,4,3,1,2,1,1,2,9,3,2,6,13,7,5,10,9,4,2,6,7,6,2,1,1,5,2,7,1,1,4,3,4,8,5,2,2,2,4,1,10,0,0,1,0,0,1,0,0,0,1,1,1,0,0,0,0,0,1,1,0,1,1,1,1,1,1,1,0,1,1,1,0,0,0,1,0,1,0,0,0,1,1,1,1,0,0,0,0,0,1
344.0,0.34272534637770413,0.4567532191537839,0.5697672802322039,0.44770856001731496,0.6427227598675439,1.3291525301324314,0.19652116970147013,0.7090037575885123,-0.08973569428722672,1.4401172154494728,-0.6763923020592697,1.8009404329108156,12,3,11,5,17,14,5,9,10,9,26,13,13,5,9,7,6,3,15,7,7,26,10,10,8,10,9,10,12,11,16,15,6,6,19,4,17,5,3,10,9,7,7,10,11,11,7,8,11,11,1,0,1,0,1,1,0,0,1,1,1,1,1,0,1,0,0,0,1,0,1,1,1,0,0,0,0,1,1,1,1,1,0,0,1,0,1,0,0,0,1,0,0,1,0,1,0,0,1,1
39.0,-0.04015795064434341,-1.4307751021180481,0.12810441491078928,-0.6810516574748808,0.8406435489887241,-0.6526239793023909,-0.4461834332147797,-1.889540730945531,-0.4523063192490767,-2.4238793266289567,-1.5839028234857233,0.7604146561442974,1,2,1,1,1,1,1,1,1,1,1,1,2,1,1,1,1,1,1,1,1,1,1,2,1,1,1,2,1,1,1,1,1,1,1,1,1,1,1,2,1,1,1,3,3,1,4,1,1,2,0,1,1,0,0,1,0,1,1,1,0,1,1,1,1,0,1,0,1,0,1,0,1,1,0,0,1,1,0,0,0,0,0,0,1,0,0,0,1,1,1,1,0,1,1,0,1,0,0,1
135.0,0.7858001586508322,0.42545756178496474,-0.966976143129213,-0.047711356141979855,-0.0036025390905684044,-1.1583646891925428,1.5033983017671506,0.8773622905756714,-0.22096417382966393,0.02688583899453078,0.20838280794755248,-2.0417348684242906,2,3,7,6,2,2,12,1,5,3,2,2,2,4,2,3,6,5,1,4,4,3,5,3,2,3,10,2,3,2,5,3,4,5,4,6,5,2,6,2,8,10,3,2,2,3,1,2,2,1,0,1,1,1,0,0,1,0,1,1,0,0,0,1,0,0,1,1,0,0,1,1,1,0,0,0,1,0,1,0,1,1,1,1,1,1,1,0,1,0,1,1,0,0,0,1,0,0,0,0
157.0,-0.24717738252059693,-0.6819842479977986,-1.0016200098949155,-0.2811002928859549,1.7976865268495226,0.6408428612670098,-0.5711789897827968,0.5725827813561586,1.3993554365860021,0.9246336829127688,0.05963036992017413,-0.6469367777055739,6,1,4,5,3,9,3,5,3,6,7,2,5,5,7,4,2,4,3,4,6,4,4,4,3,3,2,7,2,9,10,8,6,6,4,4,7,3,4,7,3,8,4,3,2,4,4,5,3,7,1,0,0,1,0,1,0,1,0,1,1,0,1,1,1,0,0,0,0,0,1,1,0,0,0,0,0,1,0,1,1,1,1,1,1,0,1,0,1,1,0,1,0,0,0,0,1,1,0,1
385.0,0.6982233136135899,0.3934853854217496,0.8951932200277323,0.6351718016819695,1.0495527153193351,-0.535235211560568,1.3173940656343257,0.19759960469239965,2.0752608726252655,-0.6891878180895679,1.7359638031652493,0.1979107834626478,7,7,4,23,10,19,12,15,22,11,16,15,16,10,24,11,8,8,16,12,12,7,8,8,6,5,5,12,8,13,15,20,10,13,25,22,11,6,7,8,7,8,7,7,7,7,8,4,10,4,0,0,0,1,0,1,1,1,1,1,1,1,1,1,1,1,0,0,1,1,1,0,0,0,0,0,0,1,0,1,1,1,1,1,1,1,1,0,0,0,0,0,0,0,0,0,0,0,1,0
219.0,-0.6514180036144483,-0.48388583405432156,-0.32034730819432017,0.4241659464019164,0.5228354880354996,-0.573700003938579,-0.02435459226098284,2.1422703586118637,1.7275431701007113,0.4363236696740321,0.03800347816820029,0.1200313267182613,9,3,6,3,13,8,6,2,6,5,5,7,6,11,3,6,6,2,11,8,5,2,7,3,4,3,3,13,7,3,7,3,10,10,11,6,8,4,3,5,3,15,4,4,2,14,5,4,8,7,1,0,1,0,1,1,0,0,1,0,0,1,1,1,0,0,1,0,1,1,1,0,1,0,0,0,0,1,1,0,1,0,1,1,1,1,1,0,0,0,0,1,0,0,0,1,0,0,1,1
104.0,0.6135179727304166,-1.0227925651984056,-0.2573765374233451,-1.6685840738775894,0.39922312260527926,0.647195939702741,-0.483186462299374,1.5739867632900328,-1.2257656630023412,-1.4643748802098202,0.22445181855997204,1.0470983026121545,6,1,1,2,4,6,2,2,3,3,2,1,1,4,1,1,3,2,3,2,3,2,3,6,7,2,1,6,3,1,4,1,2,2,2,2,4,2,1,1,3,1,5,6,4,2,3,2,1,9,1,0,0,0,1,1,0,0,1,1,1,0,0,1,0,0,1,1,1,0,1,0,1,1,1,0,0,1,1,0,1,0,1,0,0,0,1,0,0,0,1,0,1,1,1,0,1,0,0,1
255.0,1.6839276914578687,-0.45888426286894,1.0786808334312956,-0.03850846950070721,-0.17262729994081963,0.8836599374866724,0.6523228784134196,-1.5763921569842494,1.4765403497258958,1.3800913541474515,-0.6255627015095294,0.39580353343740904,5,5,9,8,11,6,5,3,2,16,16,12,12,3,6,6,4,5,5,2,5,16,9,9,3,15,7,4,3,13,8,12,5,7,7,10,2,6,9,9,6,11,6,7,6,2,14,3,6,6,0,0,1,1,1,1,0,0,0,1,1,1,1,0,1,0,0,0,0,0,0,1,1,0,0,1,1,0,0,1,1,1,0,0,1,1,0,0,1,1,1,1,0,1,1,0,1,0,0,0
101.0,0.4940301862827388,0.2606737658239071,-0.5503051538454201,-0.6716233679380516,-0.025554070991445278,1.1727290192593647,0.5436001545944323,-0.37061433208610595,0.7716987106483447,-2.8485426206300755,1.1487657003721035,-1.7397137787780996,6,5,3,6,3,4,5,5,4,2,2,1,1,6,5,2,3,2,1,3,1,2,1,3,2,2,1,5,1,2,1,2,3,5,1,5,1,8,3,1,3,2,1,3,1,3,2,1,1,2,1,1,1,1,0,1,1,1,1,1,0,0,0,1,1,0,1,1,0,0,0,0,0,1,0,1,0,1,0,0,0,0,1,1,0,1,0,1,1,0,1,1,0,1,0,1,0,0,0,0
82.0,-0.36244094140313216,-1.1196698946261439,-1.2946814757209058,1.1608267873785194,-0.46770120131189136,0.3465038817307158,-0.04692057887918407,0.47704082722312147,0.07682189106025536,-1.2829922241885696,0.99626681944714,-0.4937565831613125,2,2,3,2,4,2,7,4,2,1,2,2,2,5,2,2,2,2,2,2,1,1,3,3,3,2,1,5,3,1,1,2,2,2,3,1,2,3,7,2,3,3,3,3,1,2,1,1,1,2,0,0,1,0,1,1,1,1,1,0,1,1,0,1,1,0,1,0,1,0,0,0,1,1,1,0,0,1,1,0,0,0,1,0,1,0,1,1,1,1,1,1,0,1,0,0,0,0,0,0
221.0,-1.556581898659751,-0.4281151609659125,1.5007597906343109,0.8502217421134929,-0.3486521344078592,-0.3492577043184288,-0.3216350512173826,2.076747983560841,0.38193545223155334,0.43004164719106963,1.0302834540318422,0.23878915902651351,10,4,6,4,13,3,4,6,8,8,3,7,3,6,3,9,10,3,18,7,5,1,9,4,2,2,10,8,7,3,6,4,7,7,8,7,10,2,6,4,7,8,3,2,3,7,4,4,17,6,1,0,1,0,1,0,0,1,1,1,0,1,0,1,0,1,1,0,1,0,1,0,1,0,0,0,1,1,1,0,0,0,1,0,1,1,1,0,1,1,1,1,0,0,0,1,0,0,1,0
121.0,-0.2590421458207031,-0.19634984908497827,-0.07160125941406395,-0.03722223650984159,0.7276295436369798,0.05194588580729943,0.7326400772155792,-0.08071658010858232,0.07863519031609059,-1.9982006845321076,0.9163276747024814,0.3464884758979927,5,7,1,9,4,7,3,6,5,2,4,2,4,4,4,2,2,2,4,6,2,2,2,5,2,2,2,5,3,2,4,3,4,3,2,2,4,2,4,2,4,1,2,4,2,6,5,2,2,5,1,1,0,1,1,1,0,1,1,0,1,0,1,1,1,0,0,0,1,1,0,0,0,1,0,0,0,1,0,0,1,0,1,0,1,0,1,0,1,0,1,0,0,1,0,1,1,0,0,1
145.0,0.9980101098596522,-2.8962553781936893,2.0883747047807275,-0.13958962815517376,1.1081828167375165,-1.0399059271255309,0.6127739050625697,-1.0534155631736561,-0.6237689606958051,1.9140313538667861,-0.19068240076334658,0.21743287317972287,4,6,2,3,3,1,3,3,4,3,12,5,5,1,1,4,3,4,6,2,6,4,5,3,1,6,5,2,2,2,8,18,3,2,3,3,3,1,2,3,6,4,9,6,3,1,5,4,3,3,1,1,0,0,1,0,0,0,1,0,1,1,1,0,0,1,1,1,1,0,1,1,1,0,0,1,1,0,0,0,1,1,0,0,1,0,0,0,0,0,1,1,1,1,0,0,1,1,0,0
372.0,0.8700677306887542,0.49568188797260465,0.15041890514357642,0.3649610024662254,2.403415585238275,-0.05761879703358539,0.2010990467149675,1.050654396007612,1.1055259329579838,1.1870303055603801,0.6387302220291846,-1.1430049127304835,17,7,10,7,7,11,6,13,17,15,19,14,11,13,10,13,7,6,9,12,10,12,10,6,5,10,8,5,8,18,9,26,17,22,16,12,16,5,5,5,4,16,3,6,3,4,15,11,9,12,1,0,1,0,0,1,0,1,1,1,1,1,1,1,1,0,0,0,1,1,1,1,1,0,0,0,0,0,0,1,0,1,1,1,1,1,1,0,0,0,0,1,0,0,0,0,1,1,0,0
235.0,1.633431532301096,-1.146345393018688,0.30263546523903323,-0.7542758500193579,-0.06413834659299254,0.3287624103034804,0.32135721545027307,0.42192075423528475,1.613711269058647,0.45353430151397983,-0.24415663529064868,0.9640871682883573,10,2,6,3,8,11,10,1,3,10,10,12,8,3,3,4,4,3,3,2,2,7,9,7,8,4,4,11,4,10,12,11,3,5,9,12,5,5,5,11,9,12,8,4,4,6,11,2,7,6,1,0,1,0,0,1,1,0,0,1,1,1,1,0,0,0,0,0,0,0,0,1,1,0,1,0,0,1,0,1,1,1,0,0,1,1,1,0,0,1,1,1,1,0,0,1,1,0,1,0
142.0,1.1894704889246406,-1.2276078151369925,0.597400069849858,0.7011727423108983,-0.29756350335999193,1.3757068133116195,-0.15005558703252672,0.12557645347154225,-0.1730718242838696,0.015579047581467534,-1.0962750868952018,-1.4400508825942944,7,3,7,1,3,3,3,4,4,8,4,2,2,2,5,1,5,2,2,2,1,3,15,5,3,10,6,4,1,3,2,8,2,4,2,4,1,2,5,3,8,7,2,5,1,1,2,1,2,6,1,1,1,0,0,1,0,1,1,1,1,0,0,0,1,0,1,0,0,0,0,0,1,1,0,1,1,1,0,0,0,1,0,1,1,1,0,0,1,1,1,1,0,1,0,0,0,0,0,1
159.0,1.5945050632249722,-0.8469613483183278,-0.9913923494563072,-2.153390113603715,-0.6389617476895022,-1.3230897934074983,1.642015160136369,1.0098170893426341,-0.6881503451777238,2.2524358053443088,0.9817654869915943,-0.32483138350862245,1,4,7,2,1,5,6,1,3,4,3,7,1,2,1,2,2,15,3,3,5,4,8,3,2,5,7,5,3,2,10,4,3,1,6,7,13,2,3,3,3,12,9,1,1,3,1,4,1,1,0,1,1,0,0,1,1,0,1,1,1,1,0,0,0,0,0,1,1,0,1,1,1,0,0,1,1,1,0,0,1,1,0,0,1,1,1,0,0,0,1,1,1,0,0,0,0,1,0,0
281.0,-2.499405714873573,2.2909425725907417,-1.389572466763596,-1.6453987469568918,1.0225704320096403,2.439752406339273,1.3842728185105182,0.5639091200523596,0.594754341665286,0.8534155587803077,0.7589285897867651,0.2811914239693758,7,2,12,17,8,13,3,6,2,8,8,3,2,20,12,7,2,5,6,12,13,12,4,5,6,4,3,9,17,6,11,5,14,17,3,3,16,11,3,5,1,3,3,4,3,12,5,8,6,4,1,0,1,1,1,1,0,1,0,1,1,0,0,1,1,1,0,1,1,1,1,1,0,0,0,0,0,1,1,0,1,0,1,1,0,0,1,1,0,0,0,0,0,0,0,1,0,1,0,0
61.0,0.10420110395187607,-0.06259312789952241,-0.7539645888666763,-0.28067507686677406,-1.6929568141953855,-0.09833962679474989,-0.9885911071509175,-1.103589317215771,0.17989415115347845,1.3920022863445993,0.918316606002313,-1.570500603623177,1,2,2,1,1,1,3,1,1,3,1,1,1,2,1,3,2,7,1,1,1,1,2,1,2,2,2,1,2,2,1,2,1,1,2,1,1,4,3,3,1,2,4,1,2,1,1,1,2,1,0,1,1,0,0,0,1,0,0,1,0,0,0,1,0,1,1,1,0,0,0,0,1,0,1,1,1,0,1,1,0,1,0,0,1,0,0,1,1,1,1,1,1,0,1,0,0,0,1,0
66.0,-0.9896281365703375,0.9407711879882159,-0.9824873935383096,-0.2246331499970246,0.5500520990245519,-0.9683444548636353,0.1053755061459599,-1.3340254949182044,-0.6013676439512137,0.31978193414253697,-1.5929937335316693,0.440474737960399,1,1,2,2,1,2,1,1,1,1,2,1,3,2,3,1,1,2,2,4,6,2,1,1,2,2,2,1,1,2,2,1,1,1,2,2,3,2,2,3,1,1,1,2,3,3,2,6,2,2,0,0,1,1,0,1,0,0,0,0,1,0,1,1,1,0,0,0,1,1,1,1,0,0,0,0,0,0,0,0,1,0,0,0,1,1,1,1,1,1,0,0,0,1,1,1,1,1,1,1
154.0,-0.019637798926681216,0.5524899544171478,0.22391413406466143,1.3641404299738442,0.12522450264790727,-0.429405541125253,0.12229750303228377,0.5432980290363879,0.04886007032570433,0.04059169120388238,-0.7019916878067554,-0.6629009175509482,5,5,5,3,7,4,6,4,6,4,5,7,5,4,5,4,10,3,7,9,3,4,6,4,2,5,10,2,5,6,4,4,6,6,6,5,4,3,4,2,4,7,3,2,2,6,4,2,5,3,1,1,1,0,1,0,1,0,1,1,1,1,1,0,1,0,1,0,1,1,0,0,1,0,0,0,1,0,1,1,0,0,1,1,1,1,0,0,0,0,0,1,0,0,0,1,0,0,1,0
145.0,-1.4026052717996935,1.7495767431869393,-1.243863235391285,-0.6929051977959073,-0.7184072655691974,0.8949243769444413,-0.2949496782920278,1.2477420726737338,-0.6734906242438685,0.27899416222380197,-0.8353470532597573,2.1451491277733883,3,1,5,2,5,5,1,2,2,3,3,4,2,6,2,2,2,2,6,4,7,6,2,2,6,2,3,7,7,4,4,1,3,2,3,2,10,4,2,5,2,2,3,3,7,12,4,8,8,7,0,0,1,0,1,1,0,0,0,1,0,1,0,1,0,0,0,0,1,1,1,1,0,0,1,0,1,1,1,0,1,0,0,0,1,0,1,0,0,1,0,0,0,1,1,1,1,1,1,1
145.0,-1.1875984190295128,0.3098207102270275,0.6337768809320985,0.41379909745149823,-0.1852876588777083,-0.12982069973342616,0.0438114719791096,-0.14700200162848862,0.9638791167949097,2.2105230015913513,-0.5574917850078336,-1.3698029795790778,5,5,4,5,5,2,4,2,3,7,3,7,2,2,4,12,5,3,5,3,5,2,4,1,1,7,7,2,4,6,3,4,4,7,4,4,3,4,7,4,4,7,2,1,4,3,3,3,9,2,1,1,1,1,1,0,0,0,1,1,1,1,0,0,1,1,1,0,1,0,1,0,1,0,0,1,1,0,0,1,0,1,0,1,1,0,0,0,1,1,1,1,0,0,0,0,0,0,1,0
309.0,-0.08828204835125482,2.5797093376543185,-0.8036745679697308,1.6391168054440675,1.6777008140764407,-0.5535882417079946,0.5689830791852754,1.628396623128538,-0.3791277409874871,-0.20358036010236177,-0.5816809139486437,-1.0147567306928669,7,4,18,4,4,9,5,8,14,9,6,8,14,9,12,7,8,7,8,18,5,11,7,6,7,4,16,3,7,11,4,4,19,22,16,8,11,6,7,2,11,12,2,6,4,14,4,9,12,11,0,0,1,0,0,1,0,0,1,1,0,1,1,1,1,0,1,0,1,1,0,1,1,0,0,0,1,0,0,1,0,0,1,1,1,0,1,0,0,0,1,1,0,0,0,1,0,1,1,1
56.0,-0.6492775450660071,-1.2239402667622565,0.03408346825922607,-0.7699732310586418,0.2337859117907477,-1.5558956462036273,0.33088023221445706,0.8335289616089246,-1.9937356425714554,0.37405656984757213,1.2276689924732922,-1.2096410186912054,2,3,1,2,1,1,2,2,3,1,1,1,1,1,1,2,2,2,2,4,4,1,2,1,1,2,1,1,1,1,1,1,1,1,1,1,5,1,2,2,4,1,2,2,1,1,1,1,1,1,1,1,1,1,0,1,1,1,1,0,0,1,0,0,0,1,1,1,1,1,1,0,1,0,0,1,0,0,0,0,0,0,1,0,1,0,1,0,1,1,1,0,1,1,0,0,0,0,0,0
112.0,1.6725723868377034,0.4190190093660452,-0.7050118557584089,-0.05576907765770601,0.5583269125217224,0.0760053914124115,0.5387559924463692,-0.9206735930793662,0.169360824036078,-1.4137144969049802,-0.11122606134870032,-0.9039076414647897,3,2,3,4,2,4,5,3,4,3,4,2,5,4,4,2,3,3,1,5,3,5,3,8,4,4,3,2,1,5,2,6,2,3,2,3,2,4,5,1,4,4,2,4,1,3,7,3,1,5,1,0,1,1,0,1,1,0,1,0,1,0,1,1,1,0,0,0,0,1,1,1,0,1,1,1,1,0,0,1,0,1,0,0,0,0,0,1,1,0,1,1,0,0,0,0,1,0,0,1
297.0,-0.7355299425897666,1.2360931752104374,1.091310120594269,0.609138120907177,-1.092312764672579,-0.3164084496948019,1.2130976999791834,0.14171691363990474,2.319329539981694,0.39331783939437187,0.1920491164900316,-0.3091164642025014,8,9,7,12,17,5,6,8,3,16,7,15,10,10,10,21,8,4,4,5,4,2,8,3,4,4,10,9,11,6,6,12,11,8,7,18,3,9,12,9,5,8,3,2,7,16,9,4,21,2,0,1,1,1,1,0,0,1,0,1,0,1,1,1,1,1,0,0,0,0,0,0,0,0,0,0,1,1,1,0,0,1,1,0,1,1,0,1,1,1,0,1,0,0,0,1,1,0,1,0
108.0,0.1335409047822823,-0.1524698363805439,0.7081086766885905,0.9567023167945841,-0.7859894605079495,-1.331232953557778,-1.8362053731032966,0.5079913269125437,-1.1033666061738736,-2.152890592952483,0.3885786045309641,2.4929995174327906,2,3,1,1,5,2,3,4,7,1,1,2,9,3,1,2,4,2,6,2,1,1,1,3,6,1,2,3,3,1,1,1,1,1,3,2,1,2,1,3,2,1,3,8,4,5,6,3,4,8,0,1,0,0,1,0,1,1,1,0,0,0,1,1,0,0,1,1,1,0,0,0,0,1,1,0,0,1,1,0,0,0,0,0,1,0,0,0,0,1,0,0,1,1,1,1,1,1,1,1
145.0,-0.006070911539893324,0.8384907744516419,0.08182935854756501,-0.09888965319114267,0.9190764829877686,-0.29027454418865134,0.26739231407190295,0.3216978061960136,-0.6680904536430488,0.9920423495365228,-0.17495975669540864,-0.7557451594928447,5,3,6,7,3,4,4,4,5,3,3,5,4,4,4,4,7,7,6,9,5,7,7,3,4,3,5,2,7,4,6,6,4,5,6,4,4,4,3,3,4,3,3,4,5,3,4,7,3,2,1,0,1,1,0,1,0,1,1,0,0,1,0,1,0,1,1,1,1,1,1,1,1,0,0,0,1,0,1,1,1,1,1,0,1,0,1,0,0,0,0,0,0,1,0,0,0,1,0,0
171.0,0.5365098435704035,-0.8984679817910373,0.028181157369128247,-0.009118996644203544,1.085895565831578,0.4746982328799528,-0.025026958745143917,0.8177662992002871,1.3902075490173134,0.5578103063518622,0.010352619843380607,-1.3118362323501596,10,4,3,3,4,5,8,3,4,10,5,5,6,8,7,4,2,4,4,3,3,5,5,4,3,7,6,6,3,3,6,12,8,11,6,6,4,3,5,4,7,8,4,4,1,2,3,3,2,5,1,0,0,0,0,1,1,0,1,1,1,1,1,1,1,0,0,0,1,0,1,1,1,0,0,1,1,0,0,0,1,1,1,1,1,1,0,0,1,1,1,1,0,0,0,0,0,0,0,0
67.0,-1.0651136630753726,-0.30522470435466764,-0.6095122021592831,-0.186971302985446,0.056649924897107164,0.5296927543567308,-0.07049877805909122,0.4865016438262019,0.06447441481012024,-1.9754665663538713,-0.9393353938187543,-0.14408755572161547,5,2,2,1,3,2,2,2,1,1,1,1,1,2,3,1,2,1,1,4,1,1,1,1,2,1,1,5,2,2,2,1,2,3,1,1,2,5,3,1,2,1,1,2,1,4,2,1,1,4,1,1,1,0,1,1,0,1,0,0,0,0,0,1,1,0,1,0,0,1,0,0,0,0,0,0,0,1,1,1,1,0,1,1,0,0,1,1,1,0,1,0,0,1,0,1,1,0,0,1
160.0,-1.2096947428411076,0.5999287299962045,1.5307508323436974,1.2187618516973167,-0.213442870930208,1.490726136849952,0.14866745720211155,-0.33708597111803934,-0.6134026635409398,-0.30246968648812833,-0.38817681854122876,0.1704162223754877,7,7,7,5,13,2,3,9,7,4,6,6,3,3,7,5,5,3,6,5,4,6,9,4,3,3,6,3,6,6,2,6,4,6,2,3,4,4,4,3,6,3,2,6,6,6,4,3,5,3,1,1,1,0,1,0,0,1,1,1,1,1,0,0,1,0,1,0,1,0,0,1,1,0,0,0,1,0,1,1,0,1,1,0,0,0,0,0,1,0,1,0,0,1,1,1,0,0,1,0
68.0,0.1605739810498646,0.0030460201534144695,0.43693816974634986,1.1906462747863413,0.9495541354413237,-1.4848979684499035,-2.553921134901955,0.9343199112392737,-1.366878698415421,-0.22476540189268354,-1.1701130260593595,-1.8019804375800197,2,1,1,1,1,1,2,2,10,2,1,1,2,2,1,1,6,2,5,3,1,1,2,1,2,1,2,1,1,1,1,1,2,2,2,2,1,1,2,1,3,2,1,2,2,1,1,2,2,4,1,0,0,0,0,0,0,1,1,1,0,0,1,1,0,0,1,0,1,1,0,0,1,0,1,0,1,1,0,0,0,0,1,1,1,1,0,0,1,0,1,1,0,1,1,0,0,1,1,1
66.0,0.541462728204788,0.7591551603026468,-0.5765104007267194,-2.59104229214491,-0.5462444482524828,0.3918040054025465,-1.4789115687741288,0.18335991977915564,-0.015309849172995557,0.5792914996010884,0.11958036841415326,-0.9730689408815555,2,1,2,2,1,2,1,1,1,6,1,1,1,3,1,1,2,6,1,1,2,3,1,1,5,2,1,2,1,2,1,1,2,1,2,4,2,3,1,2,1,1,3,1,3,1,3,2,2,1,1,0,1,1,0,1,0,1,0,1,0,0,0,1,1,0,1,1,0,0,1,1,0,0,1,0,0,1,0,1,0,0,1,0,1,1,1,1,1,0,0,0,1,0,1,0,1,0,1,0
93.0,1.1965715016644913,-0.15852957302697002,-0.02730453950993186,-0.933267959073196,-0.4432822511915103,-0.8848027140269009,-0.172946059923423,1.7117084801423434,-1.3719011429313563,-1.6135613978767411,1.4711703274936085,-0.20932367715186612,2,3,2,3,2,2,6,2,7,3,1,4,2,7,1,1,3,5,3,2,3,1,2,3,3,1,3,3,3,1,2,1,2,2,3,5,4,2,1,1,4,3,4,2,3,2,3,1,2,3,0,1,0,1,0,0,1,0,1,1,0,1,0,1,0,0,1,1,1,0,1,0,0,1,1,0,1,1,1,0,0,0,1,0,1,1,1,0,0,0,1,1,1,0,0,0,1,0,0,1
351.0,-0.6690727386599166,1.0399046873960764,-0.6056155397368641,1.8260097135469362,0.6779258713392691,-0.48791140814570266,2.1573082132655035,-0.6057149230033384,0.742095372009307,0.2992925804064919,1.301741289398798,1.5615111967268527,2,11,10,17,13,17,15,14,5,2,14,14,12,8,16,15,6,8,10,12,17,8,6,20,3,10,11,5,20,19,13,9,7,10,11,8,11,4,7,9,4,8,7,10,5,16,9,14,10,4,0,0,1,1,1,1,1,1,0,0,1,1,1,0,1,1,0,0,1,1,1,0,0,1,0,1,1,0,1,1,1,0,0,0,1,0,1,0,0,0,0,0,0,0,0,1,0,1,1,0
97.0,0.032004149065766624,-0.7534178703461835,0.4599721429391164,-0.6777153697521061,2.013387247526623,0.13653533108273744,-0.3653215513121087,0.1846803058649084,-1.3471262895296965,-0.9716140385106515,1.2004139079444254,-0.6568942789713957,3,5,2,6,2,3,3,8,7,1,2,1,3,3,3,2,3,2,4,3,5,3,2,3,3,1,2,2,1,2,2,3,3,4,3,2,2,2,2,1,2,1,2,7,2,1,2,3,1,6,1,1,0,1,0,1,0,1,1,0,0,0,1,1,1,0,1,1,1,1,1,1,0,1,0,0,0,1,0,0,0,1,1,1,1,0,0,0,1,0,0,0,0,1,0,0,0,1,0,1
189.0,-1.0469109826819396,0.5366527525272862,1.185704154662997,0.7189533106650667,0.9960476858058164,-0.7567950885694608,-1.4218106667418438,1.5013336519554867,-0.32267983884213575,-0.25083301645504735,1.328194141849058,0.5562300094006599,5,8,2,6,4,4,5,10,8,6,3,7,8,10,4,5,7,5,10,7,7,2,2,4,3,1,4,3,9,4,4,2,10,4,8,5,12,2,2,3,3,3,2,3,6,7,5,5,15,6,0,1,0,1,0,1,0,1,1,1,0,1,1,1,0,1,1,1,1,1,1,0,0,0,0,0,0,0,1,1,0,0,1,0,1,0,1,0,0,0,0,0,0,0,0,1,1,1,1,1
306.0,0.45588777208160763,2.165002344901084,-0.643518230380143,0.9278401280812372,0.0570131248970845,0.26859227886325693,1.5284684264125317,0.5078357562896237,0.538296079049633,1.0725073373098022,-0.3649527295428853,-0.8392096673390064,4,5,15,9,6,10,6,6,8,7,7,21,8,5,15,6,11,11,9,17,6,15,7,5,10,11,25,4,14,7,9,7,8,11,15,8,14,5,4,4,11,9,2,5,3,16,4,7,8,5,0,0,1,1,0,1,0,0,0,1,0,1,0,0,1,0,1,1,1,1,1,1,1,0,1,1,1,0,1,0,1,0,0,1,1,0,1,0,0,0,1,1,0,0,0,1,0,0,1,0
103.0,-1.0448091940210336,-1.9663565893760018,2.056207129940322,-1.1032083657216831,-0.221253623585772,-0.27681329988892067,0.30740669780910074,0.8157372125392968,0.8604734883597454,-0.5830774385689385,-0.1671217137864115,0.28257995048829965,11,6,1,6,6,2,3,2,1,3,2,3,3,3,2,3,3,1,2,2,1,1,3,2,2,1,2,7,1,1,4,4,5,2,1,6,2,3,2,5,3,2,2,2,5,3,3,2,3,2,1,1,0,1,1,0,0,0,0,1,0,1,1,1,0,1,1,0,0,0,0,0,1,0,0,0,0,1,0,0,1,1,1,0,0,1,1,0,1,1,1,1,0,1,1,1,1,0,0,0
213.0,-0.24869112618354708,1.6073455760199926,0.49097495163825133,0.7348777860498175,0.6628812686674127,1.173473857485325,0.18102155870370695,-1.2968319479558466,0.3996879517526416,-0.651356893791829,-0.5286166817497568,0.5863640187550933,4,4,6,4,4,5,3,8,4,6,9,4,12,3,20,5,7,5,7,3,6,5,5,9,8,5,4,5,5,11,3,10,7,14,6,5,3,9,5,2,3,3,2,8,10,7,10,8,5,3,0,0,1,0,0,1,0,1,0,1,1,0,1,0,1,0,1,0,1,0,1,1,1,1,1,0,0,0,0,1,0,1,1,1,1,0,0,1,0,0,0,0,0,1,1,1,1,1,0,0
383.0,1.2382830714336357,0.02127157673606165,0.3088330125989638,1.702214944635238,0.24075317948856828,2.601683114180395,0.5655096456315442,-1.7607627591558177,0.7533416211045325,0.38115838488277776,1.2897527540827456,0.6731813512699584,9,9,15,9,7,16,13,12,12,11,27,16,8,4,11,12,5,11,9,3,11,17,15,19,10,27,9,11,12,34,4,17,4,14,10,3,4,8,6,4,5,11,12,21,6,7,8,5,6,9,1,0,1,0,0,1,1,1,1,1,1,1,0,0,1,1,0,1,1,0,1,1,1,1,0,1,0,0,1,1,0,1,0,1,1,0,0,0,0,0,0,0,1,1,0,0,0,0,0,0
98.0,-0.13845598398377382,-1.2242982362893657,-0.20902325728602528,-0.8505204542093001,-0.5805234498047227,0.5885784044206096,1.6699045043514062,0.3946715298229811,-1.1958830620351844,0.4446026682201407,1.196631486645651,-0.6097829043193822,2,6,4,4,3,3,5,3,2,3,3,3,1,1,2,1,2,3,2,3,6,3,8,5,2,4,4,3,5,1,3,4,2,2,1,2,3,2,3,1,4,3,4,3,1,2,1,1,1,2,0,1,1,1,1,1,1,1,0,1,1,1,0,0,1,0,0,1,0,0,1,1,1,1,0,1,1,0,1,0,1,1,0,0,0,0,1,0,0,0,1,1,1,0,0,0,0,0,0,0
112.0,-0.1340171666729177,0.014688194729197093,-0.78489831308224,0.648280433843859,-0.12094814860778157,0.41953244390702776,-0.8874921778021001,-0.43745830032341043,0.7223813578277714,-0.372833152091767,1.7269638512334051,-0.39963618561460235,3,5,3,4,3,3,8,7,6,2,3,3,2,6,4,5,3,5,3,2,3,2,2,3,2,3,2,3,3,4,2,4,2,2,6,2,2,3,5,4,2,3,3,6,2,3,3,2,3,3,1,1,1,1,0,1,1,1,1,0,1,0,0,1,1,1,1,1,1,0,1,0,0,1,0,1,0,0,0,1,0,1,0,0,1,0,0,1,1,1,0,1,0,1,0,0,0,0,0,0
208.0,0.22468472575188592,0.9325908318730899,-1.4183657329330317,-1.7608088119807759,-1.5256563145700948,1.262584103427182,-0.5518581458924467,2.5581992856682523,-0.5642475986573886,0.18455130319703697,1.5421099525678756,2.006092888159123,4,2,11,1,6,12,4,2,5,6,2,12,2,6,1,2,5,9,9,2,8,4,2,6,12,3,4,11,10,5,9,1,3,2,5,5,10,7,1,6,3,4,12,8,7,10,4,6,7,5,0,0,1,0,1,1,0,0,1,1,0,1,0,1,0,0,1,1,1,0,1,0,0,1,1,0,0,1,1,0,1,0,0,0,0,0,1,1,0,1,0,1,1,1,1,1,0,0,1,0
300.0,2.061503576636398,1.2083662305931424,1.0240625258114624,0.5925269492011831,0.7783610761666377,-0.5511857163285334,-0.8181988834223072,-0.0033744574109520514,-0.17018462252492844,-0.4532280493272752,0.6963874474567153,0.9553052085705107,4,3,4,7,3,12,9,6,14,11,9,20,28,10,6,6,16,7,17,6,8,7,6,10,14,3,13,3,6,15,4,5,4,8,19,6,7,4,2,4,6,3,8,13,5,5,13,4,5,7,0,0,0,1,0,1,1,0,1,1,1,1,1,1,1,0,1,1,1,0,1,1,0,1,1,0,1,0,0,1,0,0,0,0,1,0,1,0,0,0,0,0,1,1,0,0,1,0,0,1
167.0,0.08840688629184736,1.4775300810552618,-1.141689114133505,-0.19365945927971812,-0.7168223206028049,-1.86653661707306,-0.08268068584269925,-0.12174750838328353,1.513449743242131,0.6308116845547775,-1.024186824329205,1.8540925663341883,1,2,3,2,2,5,4,1,1,4,5,4,9,4,1,6,4,5,4,4,6,6,1,1,6,2,4,6,5,5,11,2,5,3,9,5,8,3,4,9,3,8,4,2,5,17,9,5,6,2,0,0,0,0,0,1,1,0,0,0,1,0,1,0,0,1,1,0,1,0,1,1,0,0,1,0,0,1,1,0,1,0,1,0,1,1,1,0,1,1,0,1,0,0,1,1,1,1,1,0
184.0,1.221033695525353,0.5820977034686158,-0.22648409884983192,-0.9594392367234797,-0.372206776071053,1.088748619704186,1.884586305934609,1.543243528272189,-0.4888494217862741,-1.1196174332890112,0.14088624691120394,-1.7684393655628516,4,5,8,7,5,11,6,5,7,10,4,3,1,6,7,2,6,5,1,6,3,4,9,7,10,9,10,6,6,2,4,5,6,5,2,17,4,6,4,1,5,5,2,3,2,5,2,2,1,5,0,1,1,1,0,1,1,1,1,1,0,0,0,1,1,0,1,1,0,0,0,0,1,1,1,1,1,1,1,0,0,0,1,0,0,1,0,1,0,0,1,1,0,0,0,1,0,0,0,0
90.0,0.32316771418478146,-0.14760258629866868,-0.46603650186824225,-1.5947030672667954,0.5136001065697166,-0.5327008396619114,-1.169916835710288,-2.8722622132816493,-0.027514905050636255,1.772251596669744,1.66125921454787,-0.45709625658627184,1,2,1,4,1,1,1,3,2,1,2,1,1,2,1,5,1,13,2,1,8,3,1,3,1,2,1,1,1,3,2,3,1,1,2,1,3,2,1,7,1,1,7,2,2,1,3,6,1,1,0,0,0,1,0,1,0,1,1,0,1,0,0,1,0,1,1,1,1,0,1,1,0,1,0,0,0,0,0,1,1,1,0,0,1,0,1,1,1,1,0,0,1,1,0,0,1,1,0,0
104.0,-0.6022120603617805,0.46877425607502377,-0.9983854391882915,0.30179189981946597,0.7660802783846903,1.2269332238843076,-0.10015407647995278,-0.20367375017696587,-0.877982586756561,-0.82688035403986,-0.22647889190152676,0.3673655068161781,2,3,4,3,3,3,2,5,3,2,5,1,3,3,4,2,3,2,3,5,4,5,2,3,4,3,1,5,4,6,2,1,2,3,3,1,3,6,2,1,2,2,2,6,4,4,2,3,2,6,0,0,1,0,1,1,0,1,1,0,1,0,1,1,1,0,1,0,0,1,1,1,0,1,1,0,0,1,1,1,0,0,0,0,1,0,1,1,0,0,0,0,0,1,1,1,0,0,0,1
120.0,0.9135846262332494,-0.8031789506803448,1.4926885689595217,-0.2711236010425688,-0.021367294348436157,-0.7472116791478234,-2.4242402602729416,0.8840453963610497,0.7368438970924334,-0.2813275571182134,0.06699071722487192,0.5159392177040995,6,3,2,2,4,2,2,2,5,7,2,3,10,4,1,3,7,4,6,2,1,1,3,2,4,2,2,2,1,4,2,3,3,3,7,5,1,3,2,3,3,2,5,5,6,3,6,3,5,3,1,0,0,0,1,0,0,0,1,1,0,1,1,1,0,0,1,1,1,0,0,0,1,0,1,0,0,0,0,1,0,1,1,0,1,1,0,0,1,0,1,0,1,1,1,1,1,0,1,0
52.0,-1.5625458568865427,-0.5290526773462948,0.7942646796218271,-1.2542894231692494,0.2935579321666293,-1.356581804623405,0.46642998243352635,-0.03564148229748357,-1.6151318159055095,1.1647393544571714,-0.7345915767980492,-0.810252437014381,2,2,1,2,1,1,1,2,1,1,1,1,1,2,1,2,1,1,2,2,3,1,2,1,1,1,2,1,1,1,4,1,3,1,1,1,3,1,1,2,2,1,2,1,4,1,1,3,1,1,1,1,0,1,0,1,0,1,0,0,0,0,0,1,1,1,0,0,1,1,1,0,1,0,0,0,1,1,0,0,1,0,1,0,0,0,1,0,1,1,1,1,1,1,1,0,0,1,0,0
78.0,0.20056919723094285,1.1486373494287152,-1.015821818978397,0.06167984984797165,0.42881650033057295,0.6931056072631441,0.1764415552772252,-0.3670278390833223,-0.8275902206487197,0.08614388304637476,-1.072139011985607,-2.9213504834946074,3,2,3,3,1,3,2,3,2,2,2,1,1,2,3,2,3,3,1,5,2,4,2,2,2,7,3,1,2,2,1,4,3,3,1,3,2,5,3,1,2,2,1,2,1,1,1,2,1,2,1,0,1,1,0,1,0,1,1,1,1,0,0,0,1,0,1,1,0,1,1,1,0,0,0,1,1,0,0,0,0,1,1,1,0,1,1,1,1,0,0,1,0,0,0,0,0,1,0,0
148.0,0.4365598041576678,0.9039348410861953,-2.3629324355418384,-1.0097307047099375,0.6191542610051978,2.0574954697116987,0.020793707675407894,-0.7280029412291344,-0.18289644110484016,1.3748764191481848,-0.6459641791245353,-0.7991920066502536,3,1,11,3,1,9,2,4,2,7,8,1,2,3,3,2,1,7,1,3,7,16,3,3,6,7,2,2,5,7,4,4,2,2,5,2,2,8,3,5,1,2,4,5,2,2,2,5,2,4,1,0,1,0,0,1,0,1,0,1,1,0,0,1,1,0,0,1,0,1,1,1,1,0,1,1,0,0,1,1,1,1,0,0,1,0,0,1,1,1,0,0,0,1,0,0,0,1,0,0
187.0,-0.4827435221820324,-0.9533286082587124,0.12267031599479553,1.6246784584695606,0.3230792731160291,-0.2523535021262876,-0.2918112689155441,-1.563190808696657,0.883109777147159,-0.07783719701280203,-0.18047991359062565,3.193107567844861,2,4,2,2,5,3,4,5,2,2,11,5,16,1,5,6,1,2,7,3,5,4,3,15,2,5,2,8,3,9,4,5,3,2,8,1,4,2,4,9,3,2,5,6,10,8,10,8,6,8,0,0,0,0,1,1,0,1,0,0,1,1,1,0,1,1,0,0,1,0,1,0,0,1,0,0,0,1,0,1,0,1,0,0,1,0,0,0,1,1,0,0,1,1,1,1,1,1,1,1
221.0,0.29875290836568624,-0.7517910500951843,-0.4263575962055433,1.1484457091967548,0.11327041053776446,-1.4382779783173667,0.9192289345752035,-0.668144085538994,1.8732977762175456,1.0800480657146485,-0.4473218956587512,1.281016361735113,2,4,4,5,5,3,11,2,2,2,20,14,14,3,5,5,3,2,3,3,7,5,5,8,3,6,8,6,3,14,7,10,4,4,11,4,5,4,8,10,4,16,8,6,2,6,4,4,10,6,0,0,0,1,0,0,1,0,0,0,1,1,1,0,1,0,0,0,0,0,1,1,0,1,0,1,1,1,0,1,1,1,0,0,1,0,0,0,1,1,0,1,1,1,0,1,0,0,1,1
123.0,0.0678555105274033,0.8527736751222195,0.48473281729447476,-0.8463566549908735,-0.643549832317462,1.0299608175811612,-0.33477533210654087,-0.4036484632419967,-0.955122579349353,0.42359906559346105,2.062524919243145,-1.0675329142542729,2,7,2,7,1,3,2,11,4,4,2,3,2,6,3,7,2,10,4,3,4,4,3,3,3,3,3,1,7,1,2,2,2,3,3,3,5,4,2,2,2,2,6,4,5,2,2,2,3,1,0,1,0,1,0,1,0,1,1,1,0,1,0,1,1,1,0,1,1,0,1,1,1,1,0,1,1,0,1,0,0,0,0,0,1,0,1,1,0,0,0,0,1,1,1,0,0,0,0,0
340.0,0.02421945667275807,1.4122205554154292,-0.07964139124571515,0.4523717962497339,-1.0623935281468797,0.4283070972076486,-0.18714426500454878,0.985729995679863,1.1873860515647512,2.589563642018614,0.5796331732135757,0.32579631658216646,3,3,20,8,9,12,5,3,7,28,10,13,5,6,5,10,10,12,17,3,6,10,15,4,11,11,8,5,23,14,8,8,6,11,12,7,13,10,6,15,6,14,7,4,6,14,8,9,22,3,0,0,1,0,1,1,0,0,1,1,1,1,0,0,0,1,1,1,1,0,0,1,1,0,1,0,0,0,1,1,0,1,0,1,1,0,1,1,0,1,0,1,0,0,0,1,0,0,1,0
137.0,0.19438430157733602,-0.35316629281068834,0.33848384346169114,-0.29540141013902943,0.1684609762696143,1.3175975356079597,-1.0065425652796411,1.1398785611290454,1.3171150673398653,-0.11806852699107874,-2.1218548990085946,-0.6078219870944325,7,1,3,2,5,7,3,3,2,8,6,1,6,3,5,2,3,1,2,2,1,2,5,2,7,3,2,5,2,4,5,5,8,6,2,6,2,9,4,5,4,6,2,2,3,4,5,3,4,4,1,0,1,0,1,1,0,1,0,1,1,0,1,1,1,0,0,0,0,0,0,0,1,0,1,0,0,1,0,0,1,1,1,1,0,1,0,1,1,1,1,1,0,0,0,1,1,0,0,0
129.0,1.2969945465611092,-0.022868062298882122,-0.9993022322949108,-0.5047749212282174,0.840620026504553,0.5467335682013793,-0.23893209916969432,-0.36682441181468756,-0.3917581490438219,-0.9224101844985025,1.6153756894694418,-0.3223204692113399,3,2,3,6,2,6,4,7,6,2,4,3,2,6,3,1,3,6,2,3,3,6,1,7,5,3,2,3,4,5,2,4,3,2,4,2,4,5,2,2,2,2,5,13,2,2,2,3,1,7,1,0,0,1,0,1,1,1,1,0,1,0,0,1,1,0,1,1,0,0,1,1,0,1,1,0,0,1,1,1,0,1,0,0,1,0,1,1,0,0,0,0,1,1,0,0,0,0,0,1
221.0,1.2171585208254965,1.5213160519224513,0.9983108981479604,-0.4316203127180484,0.40373009033660945,-0.024195606390916165,-0.9037018607301281,0.324359281721603,-1.1790397911598025,1.1876793884615637,-0.4646172972983931,0.2011596558728393,2,2,6,5,2,3,2,6,12,15,4,10,9,3,5,6,9,11,9,3,7,12,8,2,12,3,9,2,3,7,4,6,7,5,7,7,9,3,2,3,4,4,7,5,6,3,12,13,5,4,0,0,1,0,0,0,0,1,1,1,0,1,1,0,1,1,1,1,1,0,1,1,1,0,1,0,1,0,0,1,0,1,1,0,1,1,1,0,0,0,0,0,1,0,0,0,1,1,0,0
139.0,0.28328787154614216,-0.25890497370407733,0.5866938014752747,-0.47490365662252443,0.8712972974572442,-1.3459796802467485,0.12637957954641182,1.9389289990582848,-1.0003313246055747,-0.6777449705248515,0.513907849658915,0.17958178193959795,5,4,2,4,4,5,5,3,10,2,2,3,3,5,2,2,5,2,6,7,3,2,4,4,4,2,7,4,3,2,5,3,6,5,6,5,9,1,1,2,10,3,4,4,3,3,5,5,3,5,1,1,0,0,0,1,1,0,1,0,0,0,0,1,0,0,1,0,1,1,0,0,1,1,0,0,1,1,0,0,1,0,1,1,1,1,1,0,0,0,1,1,0,1,0,0,1,1,0,1
265.0,0.3506300992735592,0.4891871301476635,0.6347214685617699,1.1096998419562232,0.40981865692851255,-0.24125765461854246,0.6725737012027313,1.8998819348952156,-0.13263374638257355,-0.9745293046706415,1.1070806692869728,-0.12038116395359824,4,7,8,9,7,6,17,13,14,7,4,19,9,13,5,7,12,4,9,13,6,2,10,6,4,5,9,6,9,5,5,8,9,16,8,10,10,3,5,2,7,6,4,9,4,9,3,2,10,10,0,0,1,1,0,0,1,1,1,1,0,1,1,1,0,0,1,0,1,1,1,0,1,0,0,0,1,0,1,0,0,0,1,1,1,1,1,0,0,0,0,1,0,0,0,1,0,0,1,1
132.0,-2.172669546014036,0.8474216771504216,-0.5353281859539227,-0.09053328230416077,0.33198033056901455,0.1904996797790664,0.7094518171390395,-0.43548637056984335,0.5131057981760827,-0.2595466775839172,0.738810480887503,0.6153674840130534,2,3,3,5,4,4,3,5,3,1,4,2,3,8,6,6,2,2,6,7,9,3,1,3,2,2,1,4,6,3,5,2,3,3,2,2,4,6,3,6,1,2,3,3,5,9,3,7,4,2,0,0,0,1,1,1,0,1,1,0,1,0,0,1,1,1,0,0,1,1,1,0,0,0,0,0,0,1,1,0,1,0,1,0,0,0,1,1,1,1,0,0,0,1,1,1,0,1,1,0
150.0,-0.9354387020445953,1.0859821161750323,-0.535963445114048,0.8080577982811451,0.36728731340134063,1.8381836767951225,-0.22346598237185214,-0.3493167961181975,-0.01941960588773261,-0.30317978283427544,0.7999419019420501,-1.616310608436588,4,3,7,4,2,3,4,16,6,5,3,1,2,6,7,4,3,5,3,7,4,4,5,4,4,6,3,4,6,5,1,6,5,11,4,2,2,10,4,1,2,2,2,5,3,4,1,2,2,5,1,0,1,1,0,0,0,1,1,1,0,0,0,1,1,1,0,1,0,1,1,1,1,0,1,1,0,0,1,0,0,1,1,1,1,0,0,1,0,0,0,0,0,1,0,1,0,0,0,1
169.0,-1.053682419146354,-1.067802921579193,0.9503075919735757,1.7106133725819253,-0.1044492185374715,-0.16882172319001063,0.07005216311318138,1.1618783026081905,-0.9273531341905741,0.23836898273478513,0.9751976297824297,0.5010941699398452,4,9,5,3,12,2,6,7,4,3,4,6,2,4,4,7,3,2,15,5,4,2,7,8,3,6,8,5,12,1,6,3,2,3,4,3,5,1,4,3,9,4,3,4,3,6,2,2,6,5,0,1,1,0,1,0,1,1,1,0,1,1,0,0,1,1,0,0,1,0,1,0,1,1,0,1,1,0,1,0,1,0,0,0,1,0,1,0,0,0,1,1,0,0,0,1,0,0,1,1
244.0,0.1895816165987434,1.0010460925671412,-2.703232292999237,0.6778753195309076,-0.6540756831274238,-1.830632896856457,0.5112025995249807,1.3736585451629577,-0.13744851462769186,0.9528745472029388,1.6122782579886454,1.3149144535840473,1,3,10,3,2,8,14,2,5,2,3,7,4,12,1,6,5,7,9,7,16,7,2,6,8,5,4,5,21,4,8,1,2,2,15,2,13,2,3,7,2,13,11,5,3,15,2,5,9,4,0,0,1,0,0,1,1,0,1,0,0,1,0,1,0,1,1,1,1,1,1,1,0,1,1,0,0,0,1,0,1,0,0,0,1,0,1,0,0,1,0,1,1,1,0,1,0,0,1,0
232.0,1.639964529371393,0.7421274910718922,0.0754336389015928,-1.6019658118971685,-0.24606248812994858,-0.8432465953161917,2.1709427174978138,-0.1758858124323366,0.12320480678448567,0.5514853760404675,0.043602446372453724,1.695051040430753,2,4,8,6,6,16,7,2,5,5,10,12,8,2,2,4,4,7,5,5,10,11,8,8,7,7,9,6,5,6,14,3,5,5,5,14,9,4,4,4,7,9,12,5,7,8,12,9,6,4,0,0,1,1,1,1,1,0,0,0,1,1,1,0,0,0,0,1,0,0,1,1,1,1,1,0,1,0,0,0,1,0,0,0,1,1,1,0,0,0,1,1,1,0,0,1,1,1,0,0
41.0,-0.622649361734452,0.1946074552372427,-0.7424705856980482,-1.3200225112207058,-0.6117690909052854,-0.03703679704841202,-0.42930222451725997,-0.692420979873856,-1.4063174636718339,-0.08310557262869477,-1.5047203740310022,0.7600559636896026,1,1,1,1,1,1,1,1,1,1,1,1,1,1,1,1,1,1,1,1,2,2,1,1,3,2,1,2,1,1,1,1,1,1,1,1,1,3,1,3,1,1,1,1,2,1,2,4,1,1,0,0,1,0,0,1,0,1,1,1,0,1,0,0,1,0,1,0,1,0,1,1,1,0,1,1,1,1,0,0,0,0,0,0,1,0,0,1,1,1,1,1,0,1,1,0,1,1,0,0
67.0,0.08243975293450329,-1.4575514994649306,-0.30920907704986345,-0.7521564055905832,0.31917451041918043,1.3404504460231446,-1.8751724696457446,0.11502607914741717,-0.1601327955666404,0.6713400764504657,0.21319662823768915,-0.7519693317388191,7,1,1,1,1,1,1,3,2,3,3,1,2,3,1,2,1,2,2,1,1,2,2,1,3,3,1,2,1,2,1,2,1,1,2,1,1,3,1,3,1,2,4,5,1,1,1,2,1,4,1,0,0,0,0,1,0,1,1,1,1,0,1,1,0,1,1,1,1,0,0,1,1,0,1,1,0,0,0,0,0,1,0,0,1,0,0,1,1,1,0,1,1,1,0,0,0,0,0,1
83.0,-0.31905393566661816,-0.796025856803489,1.0760071385985983,0.02131164867194222,1.9011906857530074,-0.060660813814620775,-0.7084067669104628,-1.5137143926128271,-1.803139676255945,-1.5841359430054898,0.2671266510114834,0.5087250232299338,3,5,1,2,2,1,1,9,3,1,2,1,6,2,2,1,2,1,4,2,4,3,1,5,2,1,1,1,1,2,1,2,1,1,1,1,2,1,1,1,2,1,3,5,3,1,5,3,1,4,1,1,0,0,1,0,0,1,1,0,1,0,1,1,1,0,1,0,1,0,1,1,0,1,0,0,0,0,0,1,0,1,0,0,1,0,1,0,1,0,0,0,1,1,1,0,1,1,0,1
68.0,-1.5811907020321334,0.8950383140761154,-0.4830610516834395,0.14679301198554937,1.6122206282554243,0.8968393158655319,-0.2685306479058323,-0.8911922254152874,-2.151815401329305,-0.7191533192424201,-0.21113023882769444,-0.987179527151184,2,2,2,3,1,2,1,4,3,1,1,1,2,2,4,1,2,1,2,4,3,4,1,3,2,2,1,1,2,2,1,1,2,2,1,1,3,3,1,1,1,1,1,2,3,1,1,6,1,2,0,0,1,1,0,1,0,1,1,0,0,0,1,1,1,0,1,0,1,1,1,1,0,1,0,1,0,0,1,0,0,0,1,1,0,0,1,1,1,0,0,0,0,1,1,0,0,1,0,1
123.0,-0.13125696709230472,0.07685188295876821,-0.22485598180807856,-0.6500025808234597,0.16865467196672768,0.44194064956940904,-1.090399077442846,1.41093237974627,-0.09858813228426173,0.018849622944847662,0.7082144232565571,0.23321613126350166,6,2,2,3,5,3,5,4,7,4,3,2,3,8,2,2,5,4,5,3,4,3,2,4,5,2,2,6,3,4,5,1,4,3,6,3,6,3,1,5,2,3,3,4,4,2,4,4,4,6,1,0,0,0,1,1,1,1,1,1,0,0,0,1,0,0,1,1,1,0,1,0,0,0,1,0,0,1,0,0,1,0,1,0,1,0,1,0,0,1,0,0,0,1,1,0,1,1,1,1
80.0,0.9531366339132451,0.2871241652018242,-0.6124373746404379,0.36150352520610163,-1.1437262073206618,0.10855970577652314,-0.0332299906444608,-0.2081168572725397,-0.12853751143893075,-1.881849045497639,-0.5487249077409615,0.09284490114111471,2,2,3,1,2,4,5,2,2,2,2,2,4,1,2,2,5,3,1,2,1,2,2,2,6,3,2,3,2,1,1,2,1,2,1,3,1,4,5,1,3,2,2,3,4,3,3,1,2,2,1,1,1,0,0,1,1,0,1,1,1,1,1,0,1,0,1,1,0,0,0,0,0,0,1,1,0,1,0,0,0,0,0,0,0,1,0,1,1,0,1,1,0,1,1,1,1,0,0,0
146.0,0.15985639199740037,-1.0276751409259581,1.2657078408647007,-0.8661748482145009,0.9694572005267368,0.42719436187168486,-0.646227309843803,1.775310892609512,-1.19363683175648,0.9191541736100015,1.0005823180429783,-0.6706202090766449,9,5,4,2,5,3,3,6,9,8,2,4,2,5,3,4,5,3,12,2,3,2,6,5,4,4,4,3,6,3,6,3,6,4,5,4,7,2,1,2,5,4,4,4,2,1,4,3,4,7,1,1,1,0,1,0,0,1,1,1,0,1,0,1,1,0,1,0,1,0,0,0,1,0,0,1,1,1,1,0,1,0,1,0,1,0,1,0,0,0,1,1,0,1,0,0,0,0,1,1
195.0,1.3924653000643288,-0.2500465145989528,0.28869362927985703,0.2603218387712207,-0.1343087414705478,0.8108082731597821,0.793488720552213,-1.7485319732381808,1.3043402428781525,-1.6624919880356743,1.0325462043416573,1.1267051368275833,2,9,3,11,4,6,7,5,6,2,12,5,14,4,8,3,4,3,2,2,6,8,4,15,7,6,2,9,3,5,3,5,3,5,5,8,2,5,4,5,5,4,4,13,5,4,9,2,4,7,0,1,0,1,0,1,1,0,1,0,1,1,1,0,1,0,0,0,0,0,1,1,0,1,1,1,0,1,0,0,0,1,0,0,1,1,0,1,0,1,1,1,0,1,0,0,1,0,0,1
99.0,-1.0909664302151982,-0.4108142879545848,-1.1057046684859357,-0.21492103028873533,-0.30803428418574125,0.7796605322693398,1.3103087461196083,1.395683810789956,-0.5621680265783021,-0.20922187374452778,-1.6834381922209503,-0.8058700664961888,4,2,6,2,3,3,3,1,1,2,2,1,1,2,4,1,3,1,1,5,1,3,3,2,3,5,3,8,3,1,5,3,4,6,1,3,2,3,3,3,5,5,1,1,2,3,1,2,2,4,1,0,1,0,1,1,0,0,0,0,0,0,0,1,1,0,1,0,0,1,0,1,0,0,1,1,1,1,1,0,1,1,1,1,0,0,0,1,1,1,1,1,0,0,0,1,0,0,0,1
135.0,0.9648516330974576,1.6155828235482317,-1.234348871879922,-0.5924642591528942,-0.02640575695892703,0.2801611588196068,-0.8096035199216461,0.4240610444640897,-0.47383934707091613,-0.014452270878279104,0.5462842480036996,0.0064222698109378164,2,1,8,3,2,7,2,3,5,5,2,5,2,7,1,2,4,11,3,4,6,5,2,5,9,2,4,3,3,3,2,1,2,2,6,5,6,7,2,2,2,3,4,3,3,3,4,4,2,5,0,0,1,0,0,1,0,1,1,1,0,1,0,1,0,0,1,1,0,1,1,1,0,1,1,0,1,1,0,0,0,0,0,0,1,1,1,1,0,0,0,0,1,1,0,0,1,1,0,1
142.0,-0.4363858905265686,-0.10960980392583083,-0.08836295920533532,-0.3700110298821277,-0.25879606266710237,1.598647170504717,0.5609194479412387,-0.29548031802916036,0.6969544045107356,-0.33381948975600995,1.1731246375866413,0.3696421921980939,5,5,4,6,5,6,3,6,3,3,4,3,2,4,9,4,2,4,4,4,7,6,6,5,5,6,2,11,4,4,6,4,5,3,4,5,4,4,2,5,3,2,3,8,4,3,3,4,3,5,1,1,0,1,1,1,0,1,0,0,0,0,0,0,1,0,0,0,1,0,1,1,1,1,1,1,0,1,1,0,1,1,1,0,1,1,1,0,0,1,0,0,0,1,0,0,0,0,0,1
143.0,-0.10730214400422888,0.4477169258102776,-1.5708761520684993,-1.1267674689098053,-1.1939250063990554,0.14294309476370676,1.732514999485092,2.2313001461926323,0.6380511014407572,0.5008444749444569,-1.801057734152739,-0.5426737997340217,3,1,10,2,5,7,4,1,1,6,3,3,1,3,3,1,4,3,1,8,2,3,4,1,5,4,7,10,6,2,6,2,5,3,3,11,4,4,6,3,3,10,2,1,2,5,1,2,5,3,1,0,1,0,1,1,0,0,0,1,1,0,0,0,1,0,1,0,0,1,0,0,1,0,1,1,1,1,1,0,1,0,1,0,1,1,1,0,1,0,1,1,0,0,0,1,0,0,1,0
69.0,-0.7877837519082389,-0.620847598251116,-0.1681438185847896,-0.47209057769712737,-1.9792998103757877,0.7479102561175338,-1.0727430257398065,0.23924686411114954,2.0740826697499735,-0.9193845915864234,-2.5302875227463297,-0.2860042218801108,3,1,1,1,4,2,2,1,1,3,1,1,2,1,3,1,2,1,1,1,1,1,2,1,2,1,1,4,1,2,2,2,2,2,1,3,1,7,5,3,2,2,1,1,3,3,2,1,4,2,1,0,0,0,1,1,0,0,0,1,0,0,1,0,1,0,1,0,0,0,0,0,0,0,1,0,0,1,0,1,1,1,1,1,0,1,0,1,1,1,1,1,0,0,1,1,1,0,1,0
291.0,1.100959634998571,1.9583474542205939,-1.2295495944524168,0.4966992232365217,-0.46531045678005334,-0.10594835430413566,2.6443433470170348,-1.5029703283951532,0.25373966149457344,0.4676931717654332,1.0857863249393471,0.09798315347089544,1,11,15,12,5,8,8,6,6,4,13,14,7,6,6,10,5,12,4,4,21,13,5,11,5,15,13,5,16,12,4,5,7,7,10,5,15,7,12,6,7,12,4,9,3,14,4,7,2,3,0,1,1,1,0,1,1,0,0,0,1,1,0,0,1,1,0,1,0,0,1,1,0,1,0,1,1,0,1,0,0,0,1,0,1,0,1,1,1,0,1,1,0,1,0,1,0,0,0,0
147.0,0.3080505395041023,-0.3916485674217911,0.26912694124510733,-0.3431922754974105,0.6215718898560508,-0.36961033604363397,0.37710039390218647,-0.029262813684978354,1.1260502507721681,-0.05139372358848624,-1.7730324682068814,1.2619215007139917,3,2,3,4,4,7,2,2,3,5,6,4,11,2,5,2,4,2,2,4,3,4,3,3,3,4,2,4,2,4,8,5,7,7,5,4,4,3,5,6,3,7,3,3,4,8,11,4,7,6,1,0,0,1,0,1,0,0,0,1,1,1,1,0,1,0,1,0,0,0,0,1,0,0,0,0,0,1,0,0,1,1,1,1,1,0,1,0,1,1,0,1,0,0,1,1,1,0,1,1
208.0,-0.9057323008626189,-0.6537663386488198,-0.5956612940434921,1.3744380931708173,-2.1356742139786955,3.1377485336599937,1.0560568090660518,0.22323891412915967,-0.05489400061628639,0.28555407485765694,0.5211224283793383,0.645215585950057,4,7,13,1,19,5,6,7,1,4,6,3,1,2,5,5,2,3,4,3,4,7,13,8,8,18,3,13,16,4,4,6,1,7,2,2,3,6,5,3,5,8,5,5,3,9,1,2,6,5,0,1,1,0,1,1,0,1,0,1,1,0,0,0,1,0,0,0,0,0,1,1,1,1,1,1,0,1,1,0,0,1,0,1,0,0,0,1,1,1,1,1,0,0,0,1,0,0,1,0
113.0,0.5556044660034485,0.08958068125524882,-0.1973384203073261,-0.1512732836535117,-0.194908280352681,1.1337700968670645,0.5935567222808619,-2.9403886346642802,0.655900776529761,0.19473619471877485,-0.018708756445897416,-0.38851845308888583,2,3,2,6,3,2,2,4,1,3,10,1,2,1,5,3,1,4,1,1,3,8,3,4,2,9,1,2,2,4,1,7,2,3,2,1,1,7,5,3,1,2,3,3,4,1,5,4,1,2,1,1,0,1,1,1,0,1,0,1,1,0,0,0,1,1,0,1,0,0,1,1,0,1,0,1,0,0,0,1,0,1,0,0,1,0,0,1,1,1,0,0,0,1,1,0,1,1,0,0
190.0,1.1241127199860135,0.9475264621228578,-0.7728776678236091,0.4070522871245351,-0.971656734541286,-1.3796181647889305,-0.6267172245899651,0.8623934723827588,0.9531250453760867,0.513085420097293,0.7250957868479971,0.5161782871149584,2,2,5,4,4,5,9,2,7,6,4,17,7,8,2,8,8,5,9,2,4,2,2,4,6,4,5,3,5,7,6,2,3,4,9,7,5,2,3,3,6,9,10,4,4,10,8,3,8,5,0,0,1,0,0,1,1,0,1,1,0,1,1,1,0,1,1,1,1,0,0,0,0,0,1,0,1,0,0,1,1,0,0,0,1,1,1,0,0,0,1,1,1,0,0,1,1,0,1,0
201.0,-0.6414815952229522,0.43192254467394064,0.8004095252276823,0.7542913298135743,1.188913371474643,0.7083038472010638,0.3514482075415829,1.0701502383164274,-0.026521259249060063,-0.8818746512277178,-0.16306696394376388,-0.7449026448064491,14,8,6,5,5,9,5,7,13,3,5,5,3,6,7,5,7,1,10,8,3,3,4,7,3,3,8,6,5,6,5,5,11,20,4,7,7,5,3,2,7,3,2,4,4,7,5,3,3,7,1,1,1,0,0,1,0,1,1,0,1,1,0,1,1,0,1,0,1,1,1,0,0,1,0,0,1,1,0,1,0,0,1,1,0,1,1,0,0,0,1,0,0,0,0,1,0,0,0,1
58.0,-0.6751782749743815,-0.14451867071551783,-0.7924199209999613,-0.3079615296390403,-1.8936146669537857,0.21329370737293857,0.0012054753622242368,-0.8170886310681906,0.6592456684324051,0.9375701376265584,-1.6075598643689741,-0.7627247785662142,2,1,2,1,2,1,1,1,1,3,2,1,1,1,1,2,1,2,1,1,1,2,2,1,2,3,1,3,2,1,1,2,2,1,1,2,1,4,4,5,1,2,1,1,1,2,1,2,3,1,1,0,1,0,1,0,0,1,0,1,1,0,0,0,0,1,0,0,0,0,0,1,1,0,1,1,0,1,1,0,0,1,1,0,1,1,0,1,1,1,1,1,0,0,0,1,0,1,1,0
73.0,-0.7691423497872982,-0.9399031011088647,0.8294748419317485,-0.19382613877280352,-0.26451484131061076,-2.0038623644067535,0.6354180302092264,-1.2392583948534726,0.05993263026632825,0.2773769379581917,1.360658595838651,-1.308820399119112,1,7,1,7,1,1,4,2,1,1,1,2,2,3,1,6,1,3,2,2,3,1,2,1,1,2,1,1,1,1,2,2,3,1,1,2,2,1,3,2,3,2,3,1,3,1,2,1,2,1,0,1,0,1,0,0,1,1,0,0,0,1,1,1,1,1,0,1,1,1,1,0,0,0,0,1,0,0,0,0,1,1,1,0,0,0,1,0,1,1,1,1,1,0,1,0,1,0,0,0
283.0,-3.0195121558208253,0.18384954475369486,1.8005111815108537,1.2389463529394373,0.20965941527462578,-0.49163618563204736,0.8071225966373103,-0.9735461997044687,0.47635776935621926,0.5054701591666269,1.0602099074988798,2.7596600389110777,3,10,2,11,22,3,4,10,5,2,9,8,10,3,9,16,3,1,21,5,9,4,4,4,2,3,5,5,18,4,9,4,9,10,4,2,10,2,8,11,4,3,6,3,11,12,7,10,25,4,0,1,0,1,1,1,0,1,0,0,1,1,1,0,1,1,0,0,1,0,1,0,0,0,0,0,0,1,1,0,1,0,1,1,0,0,1,0,1,1,0,0,0,0,1,1,1,1,1,0
65.0,0.39241596717876703,-0.5089636257074988,-0.025574312191994436,-1.7690759048891183,-0.6947131310890582,-0.409282438113104,-0.5240883979345925,0.152354872033722,-0.8224199323822006,1.1210306673244714,0.00020706491819709385,-0.009300321138614417,1,1,2,2,1,2,2,1,1,4,1,1,1,2,1,1,2,3,2,1,2,3,3,1,3,2,1,1,2,2,3,1,2,1,2,2,2,2,1,4,2,2,7,1,3,1,2,2,2,1,0,0,1,1,0,1,0,0,0,1,0,0,0,1,0,0,1,1,1,0,1,1,1,0,1,0,0,0,1,0,1,0,1,0,1,1,1,0,0,1,1,1,1,0,1,0,1,0,1,0
72.0,-0.32789471651291785,0.15519068385897913,0.8250982646676347,-0.8671302157109003,-0.6581164890752567,-0.30372602877666466,-1.345870923473215,-0.8192578597214978,-0.47622087354465903,0.8743891807127275,0.26256132900192497,0.19358991136754436,2,2,1,1,1,1,1,2,2,2,1,2,2,2,1,5,3,6,3,1,2,2,1,1,2,2,3,2,1,2,2,2,1,1,2,2,2,3,1,5,2,1,6,2,4,1,3,2,3,2,0,0,0,0,0,0,0,1,1,1,0,1,1,0,0,1,1,1,1,0,1,1,0,0,0,0,1,1,0,0,0,1,0,0,1,0,1,1,0,1,1,0,1,1,1,0,1,0,1,1
180.0,0.8508979621679722,-0.13737178839939665,0.3904648499288896,-0.10322175293249623,0.26536234939962844,-0.5827586576115821,-2.438817158276429,-0.13427916218630415,1.42274813609994,0.9262154022415924,0.9653974845911707,1.2361307218062179,5,3,2,5,2,2,4,4,5,6,6,7,12,8,3,8,5,7,12,2,4,2,2,3,5,2,2,3,4,12,3,4,3,3,12,3,4,4,3,5,2,3,9,8,4,3,13,7,6,6,1,0,0,1,0,0,0,1,1,1,1,1,1,1,0,1,1,1,1,0,1,0,0,0,0,0,0,0,1,1,0,1,0,0,1,0,0,0,0,1,0,0,1,1,0,0,1,1,1,1
78.0,0.08865759096143744,0.1973157074055956,-0.6176518954343502,-0.31607285602704976,0.6157711497711416,1.2038844371688162,-0.13944627568099954,-0.4501892648514116,0.0005279588565972928,0.6012067489291149,-1.4438548161335418,-2.296180953137238,3,1,5,1,2,2,2,4,2,4,4,1,1,2,3,2,2,2,1,2,2,2,4,1,2,6,2,2,2,2,2,3,2,3,2,2,2,7,3,2,2,3,1,2,2,1,1,2,2,1,1,0,1,0,1,1,0,1,1,1,1,0,0,0,1,0,1,0,0,0,1,1,1,0,0,1,1,1,0,0,0,1,0,1,1,0,0,1,1,0,1,1,0,1,1,0,0,1,0,0
91.0,-0.5505368494915835,-1.2207124259141586,-0.5081401976473109,-0.14778031881747153,-0.4532484090230134,1.4524675344707454,0.32674476460232005,0.30047435961082836,0.6222071440434019,-1.1388331177807691,1.0391117874202687,-0.07576428653545988,6,2,3,4,5,2,5,3,2,3,2,2,2,4,3,2,2,2,1,1,2,2,3,3,3,4,1,5,4,2,2,3,3,4,2,3,2,3,5,2,3,3,2,5,2,2,2,2,2,4,1,0,1,1,1,0,1,1,1,1,0,0,0,1,1,0,0,0,0,0,0,0,0,0,1,1,0,1,1,0,0,1,1,1,1,0,0,1,1,1,1,1,0,1,0,0,0,0,0,1
117.0,0.6704806172412126,-1.0718572330401555,-1.5537587660160643,0.8178896580250287,0.3764095260975166,-0.9020515543575104,-0.8696630812746944,1.1254347844147694,-1.1894118928673278,1.6426729532559634,-0.9006207346478687,0.638391925608383,1,1,3,1,2,2,3,1,2,2,4,3,2,2,1,2,4,5,5,4,3,5,5,2,5,6,5,2,3,4,6,2,1,1,5,1,6,1,2,3,2,8,7,5,2,3,1,4,3,9,0,0,1,0,0,0,1,0,0,0,1,0,0,0,0,0,1,1,1,1,1,1,1,0,1,1,1,0,1,1,1,0,0,0,1,0,1,0,0,0,0,1,1,1,0,0,0,1,1,1
67.0,-0.3286184757489846,0.6031874310823431,-0.5441140021141926,-0.1627929060722942,0.04091917539572113,-1.0021874557814727,0.7408243454201259,-0.5132135664715852,-0.22859991534001858,-0.9943493746085122,-2.5623336587953105,-0.19102776260016902,1,1,2,1,1,2,1,1,1,1,1,1,2,2,3,1,3,1,1,4,1,2,2,1,2,2,3,2,1,2,2,2,4,3,1,4,1,2,2,2,2,3,1,1,4,5,3,2,2,2,0,0,1,0,0,1,0,0,0,0,0,0,1,1,1,0,1,0,0,1,0,1,1,0,1,0,1,1,0,0,1,1,1,1,0,1,0,0,1,1,1,1,0,0,1,1,1,0,1,0
262.0,2.412615421612916,0.7846042878980238,-0.01926037973439464,-0.2628908292082677,0.02246589281204638,0.54711911517521,-1.1808128153088449,1.114321694668872,0.7153813154412441,0.7181857257079345,0.4384757388097273,0.019616657693989903,6,2,11,5,3,7,11,3,17,15,8,8,13,10,5,8,7,9,7,4,6,8,10,9,9,9,9,6,5,11,3,11,6,3,25,11,8,4,2,6,4,9,9,6,3,7,8,4,8,12,1,0,1,0,0,1,1,0,1,1,0,1,1,1,0,0,1,0,1,0,0,0,1,1,1,1,1,0,0,1,0,1,0,0,1,1,1,0,0,0,0,1,1,0,0,0,1,0,0,1
113.0,0.6728612359668199,0.591814133741378,-0.3540407109410238,-0.573601772896901,0.1018562952619867,1.5490201514951873,-1.2391070756539009,-1.46752526575244,0.16476084123651674,0.05088770185601806,0.1733416643704082,0.24395319790850026,4,2,2,2,2,5,2,3,2,3,5,1,3,3,3,3,2,6,2,1,3,5,2,4,6,4,2,2,3,9,1,3,2,1,3,2,3,9,2,4,1,1,6,4,3,2,7,6,3,5,1,0,0,0,0,1,0,1,0,1,1,0,0,0,1,0,0,1,0,0,1,1,0,1,1,1,0,0,1,1,0,1,0,0,1,0,0,1,0,1,0,0,1,1,0,0,1,1,1,1
104.0,-0.22320225463480511,1.4898634386020821,-1.6009039784765156,-0.828497024780246,-0.10325476014904739,-1.6431888111541673,-0.17585440443207118,1.6614701657280182,0.020886488295961788,0.23070090571868349,-1.2601647651725802,-0.6163614080394775,1,1,4,2,1,4,2,1,2,4,1,2,2,6,1,2,5,5,3,7,4,2,2,1,5,2,4,2,2,2,3,1,5,2,5,5,6,3,3,2,2,6,2,1,2,5,2,3,3,2,0,0,1,0,0,1,0,0,1,1,0,1,0,1,0,0,1,1,1,1,1,1,0,0,1,0,1,0,0,0,1,0,1,0,1,1,1,1,1,0,0,1,0,0,0,1,0,1,1,0
181.0,-0.375196380323937,-0.31771509675623405,1.2816437950037687,0.5576910607251245,-1.111457956937032,0.24650477843200488,0.49822174849678513,1.1401490385212665,1.5805406865683735,-1.0150941918278686,-0.8108575112103382,-1.2575778589146163,9,6,6,5,14,4,8,2,2,8,2,6,4,5,11,3,6,2,2,3,1,1,8,2,3,3,5,6,2,2,4,6,12,8,1,13,2,6,4,3,5,7,1,2,3,9,3,1,8,2,1,1,1,1,1,0,1,0,0,1,0,1,0,1,1,0,1,0,0,0,0,0,1,0,0,0,1,1,0,0,0,1,1,1,0,1,0,1,1,0,1,1,0,0,0,1,0,0,1,0
175.0,-0.23401985910698136,0.4663583744463345,0.9873345165891019,-0.07595102364252276,-0.31984752325484395,0.15175799224874037,-0.835142901630023,2.0895387216947734,-1.6076610271180587,0.18474057889572446,2.0236062192296393,0.006799844559997769,5,6,7,3,4,3,5,5,16,6,1,9,3,5,2,7,5,4,14,6,4,3,7,3,7,3,5,3,12,1,2,1,4,3,9,6,6,2,1,1,5,3,8,5,5,3,2,5,4,8,0,0,1,0,0,0,0,1,1,1,0,1,0,1,0,1,1,1,1,1,1,0,1,0,1,0,1,0,1,0,0,0,1,0,1,1,1,0,0,0,1,0,1,1,0,0,0,1,0,1
88.0,-0.19003903500149447,-0.3574454228104272,-0.18039168176240783,1.3728484746765302,-2.211861911329507,1.5334337012963255,-1.423957152450145,-0.2666523292344148,-0.42924442029866183,0.5885532697707198,-1.5981243518837476,0.46217266608194285,1,2,7,1,4,1,1,2,1,3,2,2,1,1,2,2,3,1,2,1,1,1,5,2,4,3,2,4,5,2,1,2,1,2,2,1,1,4,3,4,2,4,2,3,4,2,1,2,7,5,0,0,1,0,1,0,0,1,0,1,1,1,0,0,1,0,1,0,1,0,0,0,1,0,1,1,1,1,1,0,0,0,0,0,1,0,0,1,1,1,1,1,0,1,1,0,0,0,1,1
146.0,2.0243096232868525,-1.3631740045928105,0.18970616761039566,-0.6619821777966091,0.42588720619303577,0.01914777741575206,-0.6414869090443096,0.487872284871074,1.804348109786743,-0.19090379172729868,0.7197579421481819,-1.2932729578711637,6,3,3,5,4,3,6,3,8,8,7,6,6,8,4,5,5,3,1,1,1,2,7,4,3,5,3,3,2,4,5,6,4,4,4,10,1,4,5,5,4,5,6,3,1,2,6,1,2,6,1,0,0,1,0,0,1,0,1,1,1,1,1,1,1,1,1,0,0,0,0,0,1,0,0,1,1,0,0,0,1,1,0,0,1,1,0,0,0,1,1,1,1,0,0,0,1,0,0,1
131.0,-0.9564363768180087,0.47240627788037737,1.484116028535965,0.35561334878566,-0.31305803052315434,-0.0007085945766459172,-1.2504077339697175,0.6045153263553668,0.8823330623234091,-0.45209033283308037,-0.4700421477595015,0.2658782296520485,8,4,2,3,5,3,2,5,6,7,1,5,7,3,3,7,5,1,3,2,2,2,3,2,4,2,3,4,2,3,2,2,4,6,5,4,3,6,3,3,5,2,2,2,6,4,5,4,12,4,1,0,0,0,1,0,0,1,1,1,0,1,1,0,0,1,1,0,1,0,0,0,1,0,0,0,1,1,0,1,0,0,1,1,1,0,0,1,1,0,1,0,0,0,1,1,1,1,1,0
166.0,-0.4367197360405955,-0.06613261462582246,2.0997217891665154,-0.24702570074599667,-0.3583401520212222,-0.6475418056351592,0.7441919714999368,-0.181224173218103,-0.649373038321426,1.321304032273012,1.4196030045136372,-0.6004235657387051,3,9,2,12,3,1,5,7,7,4,2,12,3,3,2,9,5,4,10,3,9,2,9,3,2,6,6,2,5,2,4,4,6,5,4,3,5,2,2,4,4,3,7,3,6,3,4,4,8,2,0,1,0,1,0,0,1,1,1,1,0,1,0,0,0,1,1,1,1,0,1,0,1,0,0,1,1,0,1,0,0,1,1,0,1,0,1,0,0,0,0,1,1,0,1,0,1,0,1,0
84.0,-1.8665399513606162,1.0075136898369221,-0.684629825760004,0.7906255991627686,-1.9701038177118355,0.8925973382993092,-1.2111719292807812,0.7307641190665245,0.014273067836434106,-0.9539394193966448,-0.4070363129267805,0.6863184569567008,3,2,4,1,3,1,1,2,2,3,1,2,2,3,2,4,3,1,2,3,1,1,1,1,6,1,2,7,4,2,1,1,2,2,2,2,1,3,2,3,2,1,1,2,5,7,1,3,4,2,1,0,1,0,1,0,0,0,0,1,0,0,0,1,1,1,1,0,1,1,0,0,0,0,1,0,1,1,1,1,0,0,1,0,1,0,0,1,1,1,0,0,0,1,1,1,0,1,1,0
190.0,0.10589445311523424,0.5844129804724842,1.9764405845154855,-1.5642416117110514,1.617212574968624,0.10435593752321293,-0.8987840483231282,-1.3303136257389898,-0.1891203907770335,0.9216501119244593,-0.12754912037753421,1.5111549302473475,4,3,2,7,4,7,1,5,6,5,3,4,11,3,6,7,3,4,8,3,5,10,2,6,3,2,3,3,2,9,4,9,6,4,5,3,5,4,2,6,2,1,9,5,9,2,19,15,6,4,0,0,0,1,0,1,0,1,1,1,0,1,1,0,1,1,0,0,1,0,1,1,0,1,0,0,0,0,0,1,0,1,1,0,1,0,1,0,0,1,0,0,1,1,1,0,1,1,1,0
77.0,-1.4511756900515589,-0.01208894784605456,-1.252393444413119,0.3636318826249679,0.8868873900973003,-0.42076179368105326,-2.6042138566271342,0.19894814679649453,0.4367385517335095,0.40429475496169764,1.235782191822154,-1.0710536796490489,2,1,1,2,1,1,2,3,4,1,1,1,2,8,1,5,1,3,5,3,2,1,1,1,1,1,1,1,1,2,2,1,2,1,5,1,3,4,1,4,1,2,3,3,2,2,2,3,2,2,1,0,0,1,0,0,1,1,1,0,1,0,1,1,0,1,0,1,1,1,1,0,0,0,0,0,0,0,0,0,1,0,1,0,1,0,1,1,0,1,0,1,1,1,0,0,1,1,1,0
76.0,0.6802161054504494,1.192507512477975,-1.7785875840065168,0.31965182591897723,-0.5041798310076715,-0.08152267310164589,0.34767648353833636,-0.4872285641135523,-0.6757080791616118,0.0341524174880246,-1.0872459388628026,-1.0858251288851855,1,2,4,2,1,2,2,1,2,3,3,1,2,2,2,2,4,5,1,5,2,3,2,2,2,4,4,2,2,3,2,2,2,2,1,2,1,3,4,2,2,4,1,1,2,4,1,3,2,2,0,0,1,1,0,1,0,0,1,1,1,0,0,1,1,1,1,1,0,1,1,1,0,0,0,1,1,0,1,1,0,1,0,0,0,0,0,1,1,0,1,1,0,0,0,1,0,1,0,0
91.0,0.6793732829565033,-1.148794035158656,0.6663125009092119,0.4625912928539512,-1.7258067287905967,-0.6775646523356551,1.1941094030473725,-0.9811655311396816,-0.46440426230938764,0.4620608932518965,0.7833905092825955,-0.2515388860444957,1,6,3,2,3,1,6,1,2,2,2,3,2,1,2,4,2,5,2,1,2,2,3,3,1,5,6,3,4,1,2,2,1,1,1,3,1,1,5,4,5,3,6,2,2,2,2,2,2,1,0,1,1,0,1,0,1,0,1,0,1,1,0,0,1,1,1,1,1,0,1,0,0,1,0,1,1,1,1,0,0,0,0,0,0,1,0,0,1,1,1,1,1,0,0,0,0,1,0,0
230.0,-0.5975101946916416,1.4223698616985077,1.7388996637975789,0.9788580507817954,0.08531814256502405,-0.8082657216409264,-0.8304444065565653,0.5225141052657575,0.4183982208886837,1.4015985929464294,0.6504500925361392,-1.503080301759818,5,5,9,10,2,2,4,15,17,7,3,11,5,10,8,11,12,9,10,5,5,2,9,1,2,2,13,2,5,4,4,4,7,5,5,6,4,4,5,3,7,7,3,2,5,3,7,5,18,3,1,0,1,1,0,0,0,1,1,1,0,1,0,1,1,1,1,1,1,0,1,0,1,0,0,0,1,0,0,1,0,0,1,0,1,0,1,0,1,0,1,1,0,0,1,0,1,0,1,0
455.0,1.0519476177229186,-0.9980606273144129,-0.3839712719523516,0.2502002062516945,1.9956674897839644,3.109918556005361,0.6067230591361827,-0.18319661872038787,0.5345056484805503,0.8876554258738361,-0.3206676255571917,1.7952113559123222,8,3,8,7,22,27,4,6,6,15,30,5,9,3,18,3,3,4,7,4,13,35,13,25,7,10,5,17,13,41,16,24,4,17,15,3,11,7,6,12,5,10,5,28,5,6,11,13,4,16,1,0,1,0,1,1,0,0,0,1,1,0,0,0,1,0,0,0,1,0,1,1,1,1,0,0,0,1,1,1,1,1,0,1,1,0,1,0,0,1,0,0,0,1,0,0,1,1,0,1
217.0,0.23007075919140207,0.49774308909139425,0.6659242520544614,0.4215866106144557,0.8389405004696122,-0.6172531865469232,-0.5583017539460305,-1.100154232971695,0.4395012306202264,0.7789365035121141,0.4577728661518858,1.6744924333475373,4,6,4,7,6,6,2,8,4,3,8,8,11,3,4,5,4,7,15,4,9,9,3,4,5,4,6,3,4,15,7,8,5,3,7,2,4,3,3,11,4,4,5,7,9,3,15,14,8,6,0,1,0,1,1,1,0,1,0,0,1,1,1,0,0,0,1,1,1,0,1,1,0,0,0,0,1,0,0,1,1,1,0,0,1,0,0,0,0,1,0,0,0,1,1,0,1,1,1,1
113.0,-0.005596018829046555,0.6687416555925126,-1.0917008761393143,-0.387099702474401,0.6955377575657775,0.849102110743144,-0.29396694766418224,-0.07159925185806683,-1.5178737466808094,-0.3570292008066094,0.8903831635197862,0.5752050161065663,2,3,2,2,2,5,2,5,5,2,4,2,3,5,2,1,2,6,5,4,6,4,2,6,6,4,1,3,5,5,3,2,3,2,3,2,5,4,2,3,1,1,3,6,2,2,3,6,1,5,0,0,0,0,1,1,0,1,1,0,1,0,0,1,0,0,1,1,1,1,1,1,0,1,1,0,0,1,1,1,1,0,0,0,1,0,1,1,0,0,0,0,0,1,0,0,1,1,0,1
96.0,0.5006657213812097,0.04977368718096008,0.007063158628176452,-0.6603211394734471,0.6988284202025348,0.4209729443893898,0.49201884799279927,-0.5260348426675804,-2.1533429198712444,1.0971527117536957,-0.47883745600840416,-0.8627757640431206,2,2,4,2,1,3,1,4,2,4,2,1,1,1,2,2,3,4,3,4,6,8,5,4,3,4,3,2,4,2,3,3,2,2,2,2,4,1,2,2,3,3,5,2,3,1,1,5,1,3,0,0,1,0,0,1,0,1,0,1,1,0,0,0,0,1,1,1,1,1,1,1,1,1,1,1,1,0,1,0,1,1,0,0,0,0,1,0,0,0,1,1,1,0,0,0,0,1,0,0
164.0,0.6934789119139937,-0.3920126399191296,1.0599363840466218,0.6170059495766975,0.6835693232004776,-1.3659557112005343,1.2119439853864005,0.26125053123385605,-0.36927713924620315,0.14338846734225108,-1.77623523289832,0.40865281148067084,2,6,6,3,6,3,3,2,5,2,8,5,8,2,5,2,7,2,3,4,3,4,8,3,3,7,10,4,3,5,5,9,9,5,3,10,4,1,6,3,7,7,3,3,4,7,5,5,4,4,0,1,1,0,1,0,0,0,1,0,1,1,1,0,1,0,1,0,0,0,0,1,1,0,0,1,1,0,0,0,1,1,1,1,0,1,0,0,1,0,1,1,0,0,0,1,1,1,1,0
59.0,-1.0293715081820716,-1.3526702858435344,-1.5223591862178911,1.1126883749899252,-0.6292633936927887,1.5337277099164992,-0.5358014630522978,-1.7073579575929467,-1.1165244399486591,1.2358116200069387,-0.15589817793666752,-0.5482872964906009,1,2,3,1,1,1,1,2,1,1,3,1,1,1,1,1,1,2,1,1,2,2,2,4,1,6,1,2,2,2,1,3,1,1,1,1,1,3,3,2,1,2,3,4,1,1,1,2,1,2,0,1,1,0,0,1,0,1,0,0,1,0,0,0,1,0,1,1,0,0,1,1,1,1,0,1,0,1,1,0,0,1,0,0,1,0,0,1,1,1,1,1,1,1,0,0,0,1,0,0
117.0,0.1600182258527877,0.501782736167545,1.1173988159024608,1.4484992298929262,-0.35976864578908574,-1.3260476860820383,-0.413465161123276,0.26028050658288615,-0.9637589262106109,-0.9571509148950429,0.34378788154988543,-0.04865235157045115,2,4,2,3,2,2,3,5,7,2,2,4,6,4,2,6,8,2,7,4,3,1,2,3,3,3,5,2,4,2,2,2,2,3,2,6,2,2,3,2,5,3,2,5,7,5,2,2,7,2,0,1,0,1,0,0,0,1,1,0,0,1,1,1,0,1,1,0,1,1,1,0,0,1,0,1,1,0,1,0,0,0,0,0,0,1,0,0,1,0,1,1,0,1,1,1,0,0,1,0
40.0,0.03279699541158651,-0.7584953347000695,-0.23040071420576733,-0.9242331442683044,0.8901984111247868,1.0352493347237526,-1.8461878622380938,-0.92951086019241,-1.496529255090079,-0.6500239344068982,-0.08343796979036086,-1.44964521969853,2,1,1,1,1,1,1,3,2,1,1,1,1,1,1,1,2,2,1,1,1,1,1,2,2,2,1,1,1,1,1,1,1,1,1,1,1,2,1,1,1,1,2,2,1,1,1,2,1,2,1,0,0,0,1,1,0,1,1,0,1,1,0,1,1,0,1,1,1,0,1,0,0,1,1,1,0,1,0,0,0,0,0,0,1,0,0,1,1,0,1,1,1,1,0,0,0,1,0,1
117.0,-0.9218598131253132,-1.0039573720814985,0.20726732939894396,0.06934433703625043,-0.7217375533372533,0.17682087213939798,-0.5466800845872654,-0.2716551103260533,1.673452090298537,1.340461051790348,-1.2995812369275976,0.8297324178791745,6,1,3,2,4,3,2,1,1,6,6,2,2,2,2,3,2,2,2,1,3,2,4,2,3,2,2,4,4,7,5,6,3,2,2,1,2,6,6,6,2,5,4,2,3,4,2,4,11,2,1,0,1,0,1,1,0,0,0,1,1,0,0,0,0,0,0,0,1,0,1,0,1,0,1,0,0,1,1,1,1,1,0,0,0,0,0,1,1,1,1,1,1,0,1,1,0,1,1,0
163.0,0.8113965544915921,-1.1482632887526183,0.8187776437548606,1.5379319184125528,-1.1225448062444139,-0.9175028210142636,1.0176614668435024,0.271495310825648,0.5514762752395233,0.3405892164004968,0.39069592092814415,-1.326472128311083,3,8,6,4,6,2,11,3,3,5,3,11,3,1,3,10,5,2,2,3,1,2,7,4,1,7,10,2,3,2,2,9,4,5,3,5,2,2,8,2,15,7,5,2,2,4,3,1,4,2,1,1,1,1,1,0,1,0,0,1,0,1,0,0,1,1,1,0,0,0,0,0,1,0,0,1,1,0,0,0,0,1,1,1,1,1,0,0,1,1,1,1,1,0,0,1,0,0,0,0
140.0,1.0473177066214483,1.1695899924277735,-0.22939074406802776,-0.04347694981386243,-1.5311075025557221,0.5142547560178349,0.5720574417141441,-0.062191016999311004,1.1243533598705027,-0.3340772309799405,0.5646059258936003,-1.0196643386921156,4,6,5,6,4,4,6,5,4,6,3,6,4,4,5,4,5,4,3,2,3,3,5,3,6,7,5,4,6,3,2,3,5,5,3,11,3,6,5,3,3,9,4,2,4,5,4,2,5,3,1,1,1,1,0,1,1,1,1,1,0,1,0,1,1,0,1,1,0,0,0,0,1,0,1,1,1,0,1,0,0,0,1,0,0,1,0,1,1,0,0,1,0,0,0,1,0,0,0,0
143.0,-0.02355215087423812,-0.17435425790283585,0.22530792204094158,-0.3695269288333586,-0.1314725956716678,0.8260471714415063,-0.43676423723821745,-1.6065771007386793,1.7495839042054206,1.3814540786904865,-1.2922626951056186,0.6897078052451944,5,1,2,3,3,4,2,3,1,5,13,5,5,1,6,7,1,3,2,1,4,6,4,3,2,5,3,7,2,6,8,9,4,2,3,2,2,9,4,7,1,4,4,3,3,3,4,6,5,4,1,0,0,0,0,1,0,1,0,1,1,1,1,0,1,1,0,0,0,0,1,1,0,0,0,1,1,1,0,1,1,1,1,0,1,0,0,1,0,1,0,1,0,0,0,0,1,1,1,0
79.0,-0.5029747705513431,0.26348721533105957,0.2942241290134937,-0.234407800316322,-0.7837656655863965,-0.6905410523162594,-0.9161919154812425,-0.8318222082304447,-0.06717829004935526,-0.7157599891107518,0.6820520657126199,1.4872461553359273,2,3,1,4,1,1,2,3,2,1,2,2,3,2,1,5,3,3,5,1,2,2,1,2,2,1,1,2,2,2,2,1,2,2,3,2,3,2,2,6,2,1,5,2,5,2,3,2,5,2,1,1,0,1,0,0,0,1,1,0,0,1,1,0,0,1,1,1,1,0,1,1,0,0,0,0,0,1,0,0,0,0,1,0,1,0,1,0,1,1,1,0,1,1,1,0,1,0,1,0
151.0,-0.580053241370043,0.23940450053537707,0.49968511030293383,0.4720022709192744,0.07595526791608741,0.7426824183597224,0.4822489526806572,-1.2376624223272978,0.8691560643892732,0.8872908372667421,-0.7632861041785816,0.03793783544760203,3,3,5,7,4,3,2,5,2,4,7,4,7,2,7,8,3,2,5,4,3,6,4,3,2,6,5,4,4,7,5,11,4,7,3,4,2,4,5,8,3,6,2,3,4,5,6,6,6,3,0,0,1,1,0,0,0,1,0,1,1,1,1,0,1,1,1,0,1,0,0,1,0,0,0,1,1,0,0,1,1,1,0,1,0,0,0,0,1,1,0,1,0,0,0,1,1,1,1,0
249.0,0.6833289928110694,-0.20931381957936157,1.0729780477660118,2.3638724946193608,-0.7859860326349823,-1.3810446031537749,0.30381859560487573,0.7215625051261435,-0.23086637384476896,1.4532606633210343,-1.3386057997232488,0.6929186230316111,4,6,14,3,9,4,6,2,7,4,8,21,6,1,5,7,11,4,6,4,4,3,13,5,5,6,19,4,8,9,6,6,4,7,10,4,3,2,5,5,18,13,4,3,6,9,7,4,19,4,0,0,1,0,1,0,1,0,1,0,1,1,1,0,1,1,1,0,1,0,0,0,1,0,0,0,1,0,1,1,1,1,0,1,1,0,0,0,0,1,1,1,0,0,0,1,1,0,1,0
124.0,-0.6058608207588934,1.7193779062072967,1.9925153531681183,-0.7666565877833479,-0.5495571359085801,0.8595878869798019,-0.3871306497895146,-0.04541121793223822,0.02538842054241018,-1.9196731561976563,-0.01383774609423725,-0.6897277740641738,6,5,2,8,3,2,2,10,4,8,1,2,3,3,5,6,6,2,4,3,1,2,2,2,4,1,4,4,3,1,1,2,5,5,1,6,2,6,3,2,2,1,1,2,8,3,5,2,5,2,1,1,0,1,0,0,0,1,1,1,0,0,1,1,1,1,1,1,1,0,0,0,0,0,0,0,1,1,0,0,0,0,1,1,0,1,0,1,1,0,0,0,0,0,1,1,1,0,1,0
169.0,-0.493122822399772,1.4436320034688142,-1.2565068942792563,0.8132051867479773,-0.2789629303318085,-0.2797601684958344,0.7903718960517113,0.34005129456889044,0.570612997219531,0.9681846605328611,-0.33130838318332273,-0.6122367345077503,2,2,13,5,5,7,7,3,3,3,5,6,4,6,6,4,2,6,3,9,6,7,6,3,4,4,6,5,9,6,4,5,4,8,7,4,4,4,9,6,4,8,3,2,3,7,3,6,5,3,0,0,1,1,0,1,1,0,0,0,1,1,0,1,1,0,0,1,0,1,1,1,1,0,0,0,1,0,1,0,0,1,0,1,1,0,0,0,1,1,1,1,0,0,0,1,0,1,1,0
176.0,-1.085150526557798,-0.8254105299789551,2.9490944253087252,1.2446795807367868,-1.3510743662080213,-1.3224579567435701,0.4818660617184915,0.547264797377967,0.5488838353173644,-0.25495579355369785,-0.12545426000290022,0.3278795241593574,5,8,1,6,17,2,6,3,3,3,3,14,4,3,6,5,8,2,6,4,1,1,5,2,1,3,8,4,4,1,4,3,7,8,3,5,2,2,6,3,7,7,3,1,9,4,4,2,16,2,1,1,0,1,1,0,1,0,0,0,0,1,1,0,1,1,1,0,1,0,0,0,1,0,0,1,1,1,1,0,1,0,1,1,1,0,0,0,1,0,1,1,0,0,1,0,0,0,1,0
180.0,0.08589300629333041,-2.219300372747535,-0.22979963057519381,-0.8514064342603136,0.17521141890851205,2.98525900260341,0.3674816654743044,-0.3135296861723979,0.9218015019772522,0.4826878872092127,0.4200944904518413,0.606850593215671,11,3,5,3,11,4,4,4,1,6,18,3,2,3,3,2,1,1,2,2,3,6,6,14,3,9,1,9,6,5,9,10,2,2,4,2,3,5,3,7,3,3,5,11,2,1,2,2,1,6,1,0,1,1,1,1,0,1,0,1,1,0,0,0,1,0,0,0,0,0,0,1,1,1,0,1,0,1,1,1,1,1,0,0,1,0,0,1,0,1,1,0,1,1,0,0,0,0,0,1
118.0,2.0565435648295414,-1.1308884353259157,0.47363207681145447,-0.9263811299815384,0.5555126463422483,-0.9186865114860944,-0.4173668136050844,-0.2950899142379063,0.975816719344709,0.9184544439424138,-1.2457173764463845,0.054934110999848726,4,1,3,3,3,6,3,1,3,4,5,4,4,3,2,3,4,3,2,1,2,3,5,3,2,3,3,3,1,7,5,7,4,2,4,7,2,1,2,4,4,5,6,4,2,2,7,4,4,5,1,0,0,0,0,1,0,0,1,1,1,1,1,1,0,0,1,0,0,0,0,0,1,0,0,0,1,0,0,1,1,1,0,0,1,1,0,0,0,1,1,1,1,1,0,0,1,1,1,1
95.0,-0.7095798547491726,-1.2585049106753345,-0.21701705042437042,-0.3084827884558197,2.4267164863455224,0.43295982536069616,-1.3776175007542373,-0.5647740041709423,1.0213832954293984,2.088442772869925,-1.5859833122379583,-1.879924385139045,6,1,2,2,1,1,1,2,2,4,4,1,2,3,4,3,1,2,3,3,2,2,2,1,1,2,2,1,1,4,4,12,4,3,3,1,2,4,3,5,1,3,2,2,1,1,2,6,3,3,1,0,0,0,0,0,0,1,1,1,1,0,0,1,1,1,0,0,1,1,1,0,0,0,0,0,1,0,0,1,1,1,1,1,1,0,0,1,1,1,0,1,0,0,0,0,0,1,1,1
124.0,1.8709651753717822,0.38961417737090387,-0.8682927318763665,0.5346290861224353,-2.6357477390168778,0.003375506597160999,0.32782117284308526,0.9242701395378298,-1.0138959522925377,0.08568716140335904,-0.9254246260595873,0.2553837556743171,1,2,7,1,2,3,5,1,3,6,4,5,2,1,1,2,9,3,1,4,2,4,6,3,7,7,8,5,4,3,1,2,1,2,2,4,2,2,2,3,9,4,4,3,3,3,1,2,3,6,0,0,1,0,0,1,1,0,1,1,1,1,0,0,0,0,1,0,0,1,1,1,1,0,1,1,1,1,1,0,0,0,0,0,1,1,0,0,0,1,1,1,1,0,1,0,0,0,0,1
102.0,-0.8953463223630241,-0.4081008391602206,-0.9958153947902291,0.651136241823657,0.8584511166566653,-0.2346205699574138,0.03823799496002834,-1.4485914146335441,-0.29967664800678706,-0.05020461704174478,2.620793091029975,-1.1119670257741636,2,6,2,5,1,1,4,6,3,1,2,2,2,5,3,5,1,3,3,2,6,2,1,8,1,4,1,1,4,1,2,3,2,2,3,1,3,3,5,3,2,1,5,5,2,1,1,3,1,1,0,1,0,1,0,0,1,1,1,0,0,1,0,1,1,1,0,1,1,0,1,1,0,1,0,1,0,0,1,0,0,1,0,0,1,0,1,1,1,1,0,0,1,1,0,0,0,1,0,0
342.0,1.4641772387524374,0.996858773465808,0.2806364044901364,1.7586204841951334,0.3721054726068629,0.3891591956679287,-0.053120653017545344,1.2235688824186275,1.0964692338108837,-0.6256772874962124,-1.3192471945987674,-0.20298063739565708,10,4,11,6,9,17,6,7,12,10,11,14,24,9,16,6,14,2,6,15,2,6,9,5,6,9,13,8,7,19,7,16,10,15,18,8,3,6,8,2,15,14,3,6,5,9,7,3,14,15,1,0,1,0,0,1,0,1,1,1,1,1,1,1,1,0,1,0,1,1,0,0,1,0,0,0,1,1,0,1,0,1,1,1,1,0,0,0,0,0,1,1,0,0,0,0,0,0,1,1
90.0,-0.8000385643976464,-0.0635245746153551,1.2374381346841392,-0.45730165508679,-0.04282338131157488,0.058022734808395225,0.8484308822052846,-2.246889333984605,-0.6067002947652967,0.21128369227947272,1.2000789564268612,-0.49190244750620515,2,8,2,6,1,1,2,7,2,2,2,1,3,2,3,3,2,5,3,2,5,3,2,5,1,4,2,2,3,2,1,2,2,2,1,2,3,2,2,1,2,1,5,3,2,1,3,4,1,1,0,1,1,1,0,0,0,1,1,1,0,0,1,0,1,1,1,1,1,0,1,1,0,1,0,1,0,1,1,0,0,0,0,0,0,0,1,0,1,0,1,0,1,1,0,0,1,1,0,0
60.0,-1.876552706041874,0.6197114459661363,-0.6353623888256293,-1.1896666590903613,-0.6243453897132241,-0.18452535765584954,-0.6047446645382127,-2.205566057099069,0.8970661968871322,1.2748750412787222,0.6515219913395057,-1.1376856704248166,1,2,1,5,1,1,1,1,1,1,1,1,1,3,2,3,1,5,1,1,4,1,1,1,1,1,1,1,1,2,2,1,2,1,1,1,2,4,2,5,1,1,2,1,2,1,2,4,1,1,0,1,0,1,1,1,0,1,0,0,0,0,0,1,1,1,1,1,0,0,1,0,0,0,0,0,0,0,0,1,1,0,1,0,1,0,1,1,1,1,1,0,1,1,1,0,1,1,0,0
259.0,-0.20149153394751798,-0.006521315229458062,0.5987943895619102,0.6683404887180808,-0.7341737987784958,0.08199555641356042,0.4572804046152411,1.4558223221467665,0.7045065398247231,0.7890566873755189,0.08382662792936094,1.4104591452035038,4,4,7,3,17,5,6,3,7,12,11,12,7,3,5,10,7,3,11,4,5,6,9,8,8,7,12,12,13,4,12,6,4,8,13,11,8,4,8,7,5,8,8,3,5,12,7,7,15,10,0,0,1,0,1,0,0,0,1,1,1,1,0,0,0,1,1,0,1,0,0,0,1,0,1,0,1,1,1,0,1,0,0,0,1,1,1,0,0,1,0,1,1,0,0,1,1,0,1,1
221.0,0.4097627959594974,-0.8610879101735704,1.4033699701251907,0.6979032725390276,-0.4430440211284823,-0.47949296739924335,0.2965755451407618,0.4631847952675847,0.19729226563120644,0.3113086734428849,1.6999573745763805,1.0715431522348857,3,7,6,7,7,4,12,8,12,5,8,16,8,6,4,5,5,6,8,2,5,2,10,7,3,6,10,3,6,6,5,9,4,4,7,4,10,3,7,7,11,8,12,6,5,6,8,4,11,5,0,1,1,1,1,0,1,1,1,0,1,1,1,0,0,0,0,0,1,0,1,0,1,1,0,0,1,0,0,0,0,1,0,0,1,0,1,0,1,1,1,1,1,0,0,0,1,0,1,0
85.0,0.19063559126502433,0.9413105807674833,-1.0325239035275395,0.39792704994680894,1.80930634973311,-0.21804589539237385,-0.8476339286190848,-0.6520888885930607,-1.0896330373423884,-0.7847619081277034,-0.370508098590029,-1.405567019178642,3,2,2,4,1,2,2,5,4,1,1,1,3,5,2,2,4,4,3,6,2,3,1,3,2,2,2,1,1,4,1,2,2,2,3,1,1,4,2,1,1,1,1,4,2,1,3,4,1,4,1,0,1,1,0,1,0,1,1,0,0,0,1,1,1,0,1,1,1,1,1,1,0,1,0,0,1,0,0,1,0,0,1,0,1,0,0,1,0,0,0,0,0,1,0,0,1,1,0,1
206.0,0.015618333949603047,0.9022771737866472,-0.9077561801469204,1.5192839236417688,0.5107920885275947,1.0305805856240573,-0.6578345538521371,0.8545252270666157,-1.091933900395313,0.8902475008365087,0.17183933979353122,0.5532512199847837,3,2,16,2,4,7,5,11,6,5,5,7,4,6,3,3,6,8,16,12,6,5,6,10,6,6,4,4,10,7,4,4,3,8,7,3,5,4,3,5,4,4,5,9,4,4,3,5,9,13,0,0,1,0,0,1,0,1,1,0,0,1,0,1,0,0,1,1,1,1,1,1,1,1,1,1,0,0,1,1,0,0,0,1,1,0,0,0,0,1,1,0,0,1,0,0,0,0,1,1
73.0,-1.1755946056248516,-0.8950698422766047,0.5972282182533848,-0.9483480042242007,0.46320629209912306,-1.3671378064602457,0.8481742126666681,-1.232523314768509,0.5522999376795232,0.6256309336460009,-0.6967718184295749,0.5820265670847269,2,4,1,4,2,2,1,2,1,1,4,2,2,2,2,3,1,1,2,1,3,2,2,1,1,2,2,2,1,2,4,3,3,2,1,2,2,2,5,3,1,2,3,1,4,2,2,5,3,1,1,1,0,1,1,1,0,1,0,0,1,0,0,0,1,1,0,0,1,0,1,0,1,0,0,0,1,0,0,0,1,1,1,0,0,0,1,0,1,1,0,1,1,0,1,0,1,1,1,0
68.0,0.26044226333355597,-0.5388418561927383,-1.008554684076208,-1.962625691672579,0.3496500472996937,-1.5648027713620551,0.0953441994413082,-0.2634482160822491,0.6791427754381955,-0.3020454994898642,-0.3294477863470914,0.7318707042882956,1,1,1,2,1,2,2,1,1,1,2,1,2,3,1,1,1,3,1,1,4,1,1,1,1,1,1,4,1,2,5,1,2,1,3,3,3,2,2,4,1,2,3,1,3,3,3,5,1,1,0,0,0,1,0,1,1,0,0,0,1,0,1,1,0,0,1,1,0,0,1,0,0,0,0,0,0,1,0,1,1,0,0,0,1,1,1,1,1,1,0,1,1,0,1,1,1,1,0,0
121.0,0.3350580290841175,0.3161559571827783,0.46926758980852623,-1.5355721232071058,0.756788679986982,0.6124687940136023,-1.0166831285764972,-0.2440804736742013,-0.039307287627631186,-0.1344967844017327,0.33385996656853467,1.4313667818311835,3,1,1,5,3,7,2,5,3,5,4,4,4,3,3,3,2,4,3,2,4,4,1,4,4,2,2,3,3,3,4,2,3,3,3,4,6,5,2,7,2,1,5,7,7,3,6,6,3,6,0,0,0,1,1,1,0,1,0,1,1,1,1,0,1,0,0,1,1,0,1,1,0,0,0,0,0,0,0,0,1,0,0,0,1,1,1,1,0,1,0,0,1,1,1,0,1,1,0,1
396.0,1.0817667276728287,-1.3122191934314063,0.6220699903060487,1.3289333195354096,0.38680852068920263,1.090980425185967,2.012270445700765,1.0237095461069814,0.24930859564172886,1.0450884740847535,0.14488783309689118,0.02390304328495547,5,10,17,4,17,12,10,7,12,14,23,18,5,5,9,6,4,4,5,11,7,12,22,23,3,16,19,16,11,11,13,36,5,14,7,5,6,5,7,7,13,29,7,7,3,7,4,3,7,15,0,1,1,0,1,1,0,1,1,1,1,1,0,0,1,0,0,0,0,1,0,1,1,1,0,1,1,1,1,0,1,1,0,1,1,0,0,0,0,0,1,1,0,0,0,0,0,0,0,1
147.0,-0.35141423571373254,1.5634133588321082,-0.8184286659420014,1.532367724678116,0.49986412374037137,-1.3993061748019415,0.3676492929914216,-2.100026507651624,0.6255080168310357,0.885231482988991,-0.5923559556520536,0.12354769595558233,1,3,5,8,1,2,3,4,2,2,8,5,6,4,8,7,4,3,4,4,4,5,1,4,2,3,3,2,2,8,4,6,4,4,5,3,3,3,7,6,1,3,4,4,5,6,7,10,6,2,0,0,1,1,0,1,0,1,0,0,1,1,1,1,1,1,1,0,1,0,1,1,0,0,0,0,0,0,0,1,0,1,0,0,1,0,0,0,1,1,0,1,0,1,1,1,1,1,1,0
458.0,1.9541574337502863,-0.5057467042619367,-1.0589075870566005,1.4816634024625988,1.9625871905307948,0.0036956718478473255,1.0114630354083562,1.341475915530881,-0.742484232538384,-0.4853058353678683,1.230874513154735,1.6850142787085094,4,7,10,5,10,14,24,5,19,5,21,15,12,11,9,3,11,4,22,21,14,20,11,28,16,11,10,10,22,18,9,10,9,10,38,8,21,2,5,4,12,16,14,24,4,11,7,7,7,25,0,0,1,0,0,1,1,0,1,0,1,1,1,0,0,0,1,0,1,1,1,1,1,1,1,0,0,0,1,1,0,1,0,0,1,0,1,0,0,0,1,1,1,1,0,0,0,0,0,1
252.0,0.5628808601743548,-0.8798143535020543,1.9870611116994412,-0.5309708978119645,-0.33513778117145177,0.34233783448962146,1.5541604207147741,0.8539759765522237,0.41486550036191044,0.4632885301181062,0.04351466864346608,0.5581395145185063,7,7,5,8,9,11,6,4,4,14,8,18,7,4,9,3,7,3,8,6,7,4,13,6,3,4,9,14,7,4,9,14,13,10,3,12,9,3,5,3,8,12,4,3,5,8,4,4,7,7,1,0,1,1,1,1,0,0,0,1,1,1,1,0,1,0,1,0,1,0,1,0,1,0,0,0,1,1,0,0,1,1,1,1,0,1,1,0,0,1,1,1,0,0,0,1,0,0,0,0
124.0,-2.529560077694303,-0.29660745906979835,0.241321934916781,-1.151014083619507,0.38632331781156,-0.20447122098612153,1.75547569831549,1.5730197252148563,-0.46580556911816284,-0.15083771156669531,-0.0739475656083926,-0.4516594761596227,8,4,2,4,6,2,2,2,2,1,2,2,1,5,4,2,2,1,4,8,4,2,2,2,2,2,2,8,3,1,8,1,8,7,1,5,10,3,4,2,3,3,1,1,2,5,1,4,2,2,1,1,0,1,1,0,0,0,0,0,0,1,0,1,1,0,0,0,1,1,1,0,1,0,0,0,0,1,1,0,1,0,1,1,0,1,1,1,1,1,1,1,0,0,0,1,0,1,0,0
126.0,0.19502498402812674,-0.7582820688875902,-1.1306153349375263,0.6227112239002686,0.6295295842218108,-0.8043157596599924,0.8953554307625996,-0.6315777291653314,0.2531652380379812,0.820344012612456,-0.03361256470371301,0.4547409121411344,2,3,2,2,3,5,4,2,2,1,8,2,5,3,3,3,1,4,4,5,5,4,3,8,3,5,4,5,3,7,5,4,2,2,7,2,3,2,6,6,3,4,6,6,2,5,4,5,3,4,0,0,0,0,0,1,1,0,0,0,1,0,1,0,1,0,0,0,1,1,1,1,0,1,0,1,0,1,0,1,1,1,0,0,1,0,0,0,1,1,0,1,1,1,0,1,1,1,0,0
59.0,-0.5164296438875717,-0.19646658342809717,-0.20585943088034037,-0.7465783465402389,-0.1767741631157821,-1.5486182988637467,-0.4911537471421047,-0.28487549336967083,-0.2561797524953801,-0.24149744587077882,-0.061764199860128925,0.4794415180860639,1,2,1,2,1,1,1,1,1,1,1,2,2,3,1,1,2,2,3,2,3,2,1,1,2,1,1,1,1,1,3,1,2,1,1,2,3,1,2,2,2,2,2,1,4,2,3,4,2,1,0,0,0,1,0,1,0,0,0,0,0,1,1,1,0,0,1,1,1,1,1,1,0,0,1,0,0,0,0,0,1,0,1,0,0,1,1,0,1,1,1,1,0,0,1,1,1,1,1,0
48.0,0.8745170741325226,-0.6497652268482671,-1.2032008553891445,-1.042044412243103,-0.48720292119492714,-0.3519213178165091,-0.7699960661974573,-1.2961166642498945,-0.4561208274741882,0.18142662011397137,0.5950294658355647,-0.5574230531083212,1,2,1,1,1,1,2,1,1,1,2,1,1,1,1,1,1,4,1,1,2,2,1,2,2,2,1,1,1,1,1,1,1,1,1,1,1,3,1,2,1,1,5,3,2,1,2,2,1,1,0,1,0,0,1,1,1,1,0,0,1,0,0,0,1,0,1,1,1,0,1,1,0,1,1,1,0,0,0,0,0,0,0,0,1,0,0,1,1,1,0,1,1,1,1,0,1,1,0,0
92.0,-0.41299782214343406,-0.9266983088473107,-0.03143917037477642,-0.8484286341908146,0.5731278132412001,-1.7858664919341112,-0.3596296724524624,0.3011073391917421,0.18383451632250436,2.6930336639804966,0.34980002456790754,-1.0040545968420103,3,3,3,2,1,1,3,1,1,3,2,4,2,2,1,4,2,4,6,3,4,2,2,1,1,2,5,2,2,2,4,3,3,1,5,2,4,2,2,5,2,4,4,1,2,2,2,5,4,1,1,1,1,0,0,0,1,0,0,1,0,1,0,1,0,1,0,1,1,1,1,0,0,0,0,0,1,0,0,0,1,1,1,0,1,0,1,0,1,1,1,1,1,0,0,0,0,1,1,0
118.0,-0.09546424708907303,-1.7762463334664518,-0.08059974929676088,-0.8330560570007587,0.9153902755601617,-0.5495402745955349,-0.11676591579524663,-0.6355578414044034,1.7388513518533313,-0.3212427661179117,1.8325570434792018,0.8141517621182666,3,4,1,4,2,3,5,3,2,1,4,2,3,4,3,3,1,2,2,1,7,3,1,7,1,1,1,3,2,3,7,6,4,3,5,1,5,4,4,9,1,2,4,6,3,2,7,3,2,4,1,1,0,1,0,1,1,1,0,0,1,0,1,1,1,0,0,0,0,0,1,0,0,1,0,0,0,1,0,0,1,1,1,0,1,0,1,1,1,1,0,0,1,1,0,0,1,0,0,1
132.0,0.48206672733538614,0.3687331473175197,0.39379729821625153,-1.92767257934561,-0.2788833941507565,0.8451579711843216,-0.04889718347410554,-1.405189846803575,-0.05240445057746945,1.7041055162554912,1.2468917155347194,-0.062004009366031745,2,4,3,4,2,4,2,4,3,5,5,4,2,3,2,4,1,7,4,1,9,7,4,2,4,4,3,2,5,6,4,3,2,2,3,4,5,7,2,6,1,2,12,5,3,1,5,6,3,2,0,0,0,1,0,1,0,1,1,1,1,1,0,0,0,1,0,1,1,0,1,1,1,0,0,0,0,0,1,1,1,0,0,0,1,1,1,1,0,1,0,0,1,1,0,0,1,1,0,0
233.0,0.9514492770580866,-0.36650702036805183,-1.703871586826719,-0.9244659881295544,1.5628887685081978,-0.2739930818293042,-0.24338397937501807,-0.29983819627488056,1.904136589573007,1.6259589153620633,2.218780233448134,-0.1590452104000513,6,2,3,5,2,8,6,3,4,7,14,9,3,19,2,8,1,7,3,3,14,5,2,11,2,3,2,6,4,17,10,7,3,3,15,4,8,4,5,11,1,9,14,5,2,3,6,9,2,3,1,0,0,0,0,1,1,1,1,1,1,1,0,1,0,1,0,1,0,0,1,0,0,1,0,0,0,1,0,1,1,1,0,0,1,0,1,0,0,1,0,1,1,1,0,0,1,1,0,0
56.0,0.29562448874709507,-1.5166425494207911,1.4769344261182744,-1.167779551267935,0.2167755637626291,-1.097302527632844,-0.5888668267386961,-0.8372624310497003,-0.6078752606758179,-0.5391227031489786,-0.5482687949250771,0.8333339117803071,2,3,1,1,2,1,1,1,2,1,1,1,4,1,1,1,2,2,2,1,1,2,1,1,2,1,2,1,1,1,2,2,1,1,1,1,1,1,2,3,3,1,5,1,2,1,4,2,2,2,1,1,0,0,1,1,0,0,1,0,0,1,1,0,0,0,1,1,1,0,0,1,0,0,1,0,1,1,0,0,1,1,0,0,0,0,0,0,1,1,1,1,1,0,0,0,1,1,1,1
116.0,-1.10486279306252,0.22054142701386686,1.2179591523055584,-0.513196364513396,-0.7179188907476018,-0.23052462518025083,1.1797252083607102,0.1941076309533577,-0.5312142946075985,0.48387665118803974,-1.1022921498364233,0.681359510442948,3,5,2,4,6,4,2,3,2,5,2,5,3,1,4,4,3,1,4,2,5,2,3,1,3,4,4,3,4,2,5,3,6,3,1,4,6,4,4,4,4,2,3,1,9,3,4,5,4,2,0,1,0,1,1,1,0,0,0,1,0,1,0,0,1,1,0,0,1,0,1,0,0,0,0,1,1,1,1,0,1,0,1,0,0,1,1,1,1,1,1,0,0,0,1,0,1,1,0,0
60.0,0.4086073077017676,-0.3078084711388841,-0.838585798447231,-0.8866809222834573,0.5348173363459102,1.2289805024890619,-0.6373077470287948,0.45838670355148425,-2.0870270186020687,-0.5846177306571996,-0.031058932870901952,-0.9096834169818336,3,2,3,1,1,2,1,2,2,1,1,1,1,2,1,1,1,2,2,2,2,2,2,3,3,2,1,2,2,1,1,2,1,1,1,1,1,1,1,1,3,1,3,5,2,1,1,3,1,4,1,0,1,0,0,1,0,1,1,0,0,0,0,1,1,0,0,1,1,1,1,1,1,1,1,1,0,1,1,0,0,1,0,0,1,0,0,0,0,0,1,0,1,1,0,0,0,1,0,1
40.0,-0.936506374789596,-0.6677795564688862,0.29219272832637316,-0.1873290184063747,-2.238231233324972,-2.120700152635066,-0.6068651778571754,0.45768658605355206,-2.7475048427252347,-0.4997301761516306,-0.5262478565174211,1.3883377782084478,1,2,1,1,1,1,1,1,1,1,1,1,1,1,1,1,1,1,2,1,1,1,1,1,2,1,2,1,1,1,1,1,1,1,1,1,1,1,1,1,3,1,2,1,6,2,1,1,2,1,0,1,1,0,1,1,0,0,1,1,0,1,0,1,1,0,1,1,1,0,1,0,0,0,1,0,1,1,0,0,0,0,1,0,1,0,0,0,1,0,1,1,1,1,1,1,0,0,1,0
261.0,-0.38502181171286365,0.38298898474092846,0.14125714008746323,-2.1305664798072006,0.7682072166317373,0.21539650545628794,0.5082686396745896,3.9262377064363267,-2.0841129394985884,1.7246966497611085,-0.28744751940035557,0.2873289044030093,9,2,11,3,6,12,4,2,9,11,3,4,1,10,1,2,8,4,12,10,9,5,6,2,9,2,13,8,15,1,14,2,13,7,9,4,28,2,1,3,6,3,6,2,2,3,3,7,9,10,1,0,1,0,1,1,0,0,1,1,0,0,0,1,0,0,1,0,1,1,1,0,1,0,1,0,1,1,1,0,1,0,1,1,1,0,1,0,0,0,0,0,1,0,0,0,0,1,1,1
78.0,-0.04551224530124217,-0.4242363333980435,-0.5698329282387588,0.32950873557300914,-1.5171736966716791,0.7505791675217656,-0.41619440488525394,-1.1300693390403578,-0.4500128579958137,1.2571492168625729,-0.5353350870162231,0.35845361820962024,2,3,5,1,2,1,2,1,1,3,5,2,2,1,1,4,1,3,2,1,2,3,3,2,4,6,2,2,2,5,2,4,1,1,1,1,1,3,2,4,2,2,4,3,3,2,1,3,2,3,1,1,1,0,1,0,0,0,0,1,1,0,0,0,0,1,0,1,1,0,1,1,1,0,1,1,0,0,1,1,0,1,0,0,0,0,0,1,1,1,1,1,1,1,0,0,0,0,0,0
243.0,-0.7309562757154733,0.7579218499236196,0.6855077387902041,1.8486088332964115,-0.1755639454992155,0.6686548047579066,0.09806753953894455,1.2958717818630143,-0.7188323876087304,0.7450053128772811,-0.19469729611668168,-0.06418817710849775,8,10,11,5,9,4,7,7,7,6,7,9,5,6,7,6,11,5,8,11,3,5,9,4,6,10,15,7,16,4,4,9,7,17,5,4,6,3,4,3,10,6,2,6,5,9,3,6,13,11,1,1,1,0,1,0,0,0,1,1,1,1,0,0,1,0,1,0,1,1,0,0,1,0,0,1,1,1,1,0,0,1,1,1,0,0,0,0,0,0,1,1,0,0,0,1,0,0,1,1
291.0,0.09175248444837286,0.2522403964266774,-0.11622904312195817,0.21471318317052634,1.5781180575621845,0.9854496856152184,0.8691545924968965,-0.4555395260238707,-0.8892408282283243,0.9553005582377528,0.8760467925297942,1.472670675750982,5,5,7,7,6,12,3,11,9,5,14,13,7,3,10,4,4,4,7,5,15,11,5,22,8,11,7,6,19,13,9,12,4,9,10,2,10,3,5,8,3,3,7,19,4,7,8,15,5,12,0,0,1,1,1,1,0,1,1,0,1,1,0,0,1,0,0,0,1,0,1,1,0,1,0,1,0,0,1,1,1,1,0,1,1,0,1,0,0,0,0,0,0,1,0,0,1,1,0,1
64.0,-0.6039806259692295,-0.22954865536034708,-1.6394841625254342,-0.39247110606087293,0.9965705105794472,-0.46649537922819795,0.6404797952008238,-0.19050310599781134,0.32405702822156063,-1.1476913898156673,0.08520944963390106,-2.9911359709007233,3,3,2,4,1,2,4,2,1,1,1,1,1,3,3,1,1,1,1,6,1,1,1,2,1,2,1,1,1,1,2,2,4,3,1,1,1,4,3,1,2,3,1,1,1,1,1,1,1,1,1,1,1,1,0,1,1,1,0,0,0,0,0,1,1,0,0,1,0,1,0,0,0,1,0,1,1,1,0,0,1,1,1,1,1,0,0,1,1,0,1,1,0,1,0,0,0,0,0,0
197.0,-0.18689615816198485,-1.6304732437151401,1.205994516546816,0.7774073527645112,0.46667098196608103,1.52100622715938,-0.9489165208248372,1.7473631979155582,0.9321915642603847,-0.23655528721894603,1.1356201471829441,-1.1062935124116342,12,9,5,4,6,5,10,12,7,13,4,4,3,7,9,8,6,2,4,4,2,2,7,3,3,6,4,5,4,3,4,12,8,11,4,5,3,3,5,4,7,6,3,8,1,2,2,2,5,9,1,1,1,0,1,1,1,1,1,1,0,0,0,1,1,1,1,0,0,0,0,0,1,0,0,1,0,1,0,0,0,1,1,1,1,0,0,0,0,0,1,1,0,1,0,0,0,0,1,1
